0 0 0.8368227272727247
0 47 -0.14058333333333167
0 53 -0.17324962121212198
0 54 -0.5226397727272735
1 1 1.9888291666666715
1 47 -0.14058333333333112
1 48 -0.3020333333333348
1 55 -1.2749062499999957
1 56 -0.27073125000000053
2 2 1.9229422664141427
2 48 -0.3020333333333311
2 49 -0.22912916666666946
2 57 -1.1589893465909071
2 58 -0.2322341698232292
3 3 2.426856905864188
3 49 -0.22912916666666794
3 50 -0.30859978780865094
3 59 -1.8888092013888937
4 4 2.3123813850308474
4 50 -0.3085997878086508
4 51 -0.11454583333333646
4 60 -0.16657057291667332
4 61 -1.7221308159722215
5 5 2.0999398809523893
5 51 -0.1145458333333362
5 52 0.055593055555559046
5 62 -0.6745219246031735
5 63 -1.3659901785714244
6 6 0.9571027777777776
6 52 0.055593055555559684
6 64 -0.8999208333333351
6 65 -0.11245833333333843
7 7 1.892343371212117
7 53 -0.17324962121212203
7 66 -1.0908059659090916
7 72 -0.26415871212121345
7 73 -0.36353323863636544
8 8 3.999634728867626
8 54 -0.5226397727272747
8 55 -1.274906249999998
8 66 -1.0908059659090923
8 67 -0.5985331688596431
8 74 -0.5115662380382748
9 9 3.9035629571542745
9 56 -0.27073125000000037
9 57 -1.1589893465909107
9 67 -0.5985331688596436
9 68 -0.8182153135400209
9 75 -0.15098197958839332
9 76 -0.9043077319086247
10 10 4.362548640423533
10 58 -0.23223416982323453
10 59 -1.8888092013888957
10 60 -0.16657057291667046
10 68 -0.8182153135400214
10 69 -0.4308639496184626
10 77 -0.0023339858746361797
10 78 -0.8214776972616171
11 11 4.3818287911137865
11 61 -1.7221308159722217
11 62 -0.6745219246031718
11 69 -0.4308639496184624
11 70 -0.45342351190475794
11 79 -0.01794588068181724
11 80 -1.0810416666666698
12 12 4.222590348493926
12 63 -1.3659901785714235
12 64 -0.8999208333333351
12 70 -0.45342351190476116
12 71 -1.0994603618421097
12 81 0.021633328982694655
12 82 -0.42384650015832137
13 13 1.9315038775917066
13 65 -0.1124583333333379
13 71 -1.0994603618421013
13 83 -0.4548389702950516
13 84 -0.2641587121212121
14 14 1.979159074350049
14 72 -0.26415871212121356
14 85 -1.2838111303868647
14 91 -0.16662682291666753
14 92 -0.2640290755919892
15 15 3.855599015716751
15 73 -0.3635332386363671
15 74 -0.5115662380382757
15 75 -0.15098197958839402
15 85 -1.283811130386865
15 86 -0.705021101034386
15 93 -0.7424346338013239
15 94 -0.09614652756449765
16 16 4.2042595092121955
16 76 -0.9043077319086229
16 77 -0.0023339858746361797
16 86 -0.7050211010343841
16 87 -1.008860124358642
16 95 -1.5819980243692267
17 17 3.9750556379183255
17 78 -0.8214776972616187
17 79 -0.017945880681815296
17 87 -1.008860124358645
17 88 -0.7951818287037032
17 96 0.24520675247164594
17 97 -1.1290743896053819
17 98 -0.44532559477880784
18 18 4.24334484384677
18 80 -1.0810416666666693
18 81 0.021633328982696487
18 88 -0.795181828703703
18 89 -1.31214380595929
18 99 -1.074658788166471
19 19 4.31772283715422
19 82 -0.4238465001583198
19 83 -0.45483897029504927
19 89 -1.3121438059592878
19 90 -1.345450434833023
19 100 0.14039939961014225
19 101 -0.9199133588520083
20 20 2.018826203360137
20 84 -0.26415871212121295
20 90 -1.345450434833026
20 102 -0.2198000425170024
20 103 -0.18884201388888588
21 21 2.37052037037036
21 91 -0.16662682291666808
21 104 -1.7777027777777819
21 110 -0.4258907696759313
22 22 4.265428914464075
22 92 -0.2640290755919863
22 93 -0.7424346338013237
22 104 -1.7777027777777807
22 105 -0.6810440581284797
22 111 -0.01555882726917629
22 112 -0.7981636957760883
22 113 0.015397903880743191
23 23 4.431490682308692
23 94 -0.09614652756449488
23 95 -1.5819980243692284
23 96 0.24520675247164525
23 105 -0.6810440581284805
23 106 -1.3592937641723337
23 114 -0.9564192272124511
24 24 4.048038334969145
24 97 -1.1290743896053814
24 106 -1.359293764172333
24 107 -0.7861033947738214
24 115 -0.21333529265872747
24 116 -0.5587981604255489
25 25 3.927115957335996
25 98 -0.44532559477880984
25 99 -1.0746587881664706
25 100 0.14039939961014214
25 107 -0.7861033947738203
25 108 -0.5196588603917678
25 117 -0.1459296825381101
25 118 -1.0932640362971895
26 26 4.387128537212079
26 101 -0.9199133588520053
26 102 -0.21980004251700508
26 108 -0.519658860391764
26 109 -1.5499192708333274
26 119 -0.3776264473723844
26 120 -0.7980490989122422
27 27 2.2390503472222294
27 103 -0.18884201388888744
27 109 -1.5499192708333265
27 121 -0.4999661458333321
28 28 2.057723705659874
28 110 -0.4258907696759333
28 111 -0.01555882726917307
28 122 -1.2798241087147895
28 127 -0.33588750000000145
29 29 4.058842113695651
29 112 -0.7981636957760923
29 122 -1.2798241087147901
29 123 -0.9319649874772364
29 128 -0.14886557148972704
29 129 -0.8986362502378293
30 30 3.84458768403366
30 113 0.015397903880740249
30 114 -0.9564192272124518
30 115 -0.2133352926587303
30 123 -0.9319649874772363
30 124 -1.004562946428566
30 130 -0.08459245705409749
30 131 -0.6664450520833319
31 31 4.06428422440922
31 116 -0.5587981604255479
31 117 -0.14592968253810784
31 124 -1.0045629464285684
31 125 -1.483607688310104
31 132 -0.05403618834755264
31 133 -0.8152912250260262
32 32 4.283556100417559
32 118 -1.0932640362971886
32 119 -0.37762644737238543
32 125 -1.483607688310105
32 126 -0.22986824044038381
32 134 -0.35511049384095245
32 135 -0.9768704346010023
32 136 0.23634436544442697
33 33 2.441347730681465
33 120 -0.7980490989122404
33 121 -0.4999661458333283
33 126 -0.229868240440384
33 137 -0.9119694538288279
34 34 1.9881310255312588
34 127 -0.33588750000000145
34 128 -0.1488655714897289
34 138 -1.2469774732723022
34 143 -0.25570152243589617
35 35 3.9378729680302134
35 129 -0.8986362502378319
35 130 -0.08459245705409918
35 138 -1.2469774732723045
35 139 -0.8088911695075711
35 144 -0.16011370192307983
35 145 -0.7367077493686889
36 36 3.8373810265751795
36 131 -0.6664450520833315
36 132 -0.054036188347552694
36 139 -0.8088911695075722
36 140 -0.8383402020556905
36 146 -0.12388899485930524
36 147 -1.1784511160714286
36 148 -0.16492517865030312
37 37 3.7998651744111833
37 133 -0.8152912250260291
37 134 -0.35511049384095134
37 140 -0.8383402020556913
37 141 -0.27898473719312844
37 149 -0.9791374374263858
37 150 -0.5307917038690502
38 38 4.217289339597731
38 135 -0.9768704346010046
38 141 -0.27898473719312944
38 142 -1.1562799656128815
38 151 -0.6452368090986396
38 152 -1.1577413514254427
39 39 2.4388929514753426
39 136 0.23634436544442616
39 137 -0.9119694538288248
39 142 -1.1562799656128826
39 153 -0.10510378289473851
39 154 -0.49992473958333117
40 40 0.9111027243589737
40 143 -0.2557015224358963
40 144 -0.16011370192307608
40 155 -0.4947166666666699
41 41 1.937742938955882
41 145 -0.7367077493686859
41 146 -0.12388899485930421
41 155 -0.4947166666666712
41 156 -0.5815816113945578
42 42 2.0649559848281402
42 147 -1.1784511160714275
42 156 -0.5815816113945604
42 157 -0.3044420073621552
43 43 1.8914745019110588
43 148 -0.16492517865030432
43 149 -0.9791374374263868
43 157 -0.30444200736215565
43 158 -0.4421636284722228
44 44 1.8558847675363987
44 150 -0.5307917038690483
44 151 -0.6452368090986391
44 158 -0.442163628472223
44 159 -0.2367728344298235
45 45 2.000457291666661
45 152 -1.1577413514254393
45 153 -0.10510378289473865
45 159 -0.23677283442982333
45 160 -0.49992473958333056
46 46 1.0001505208333359
46 154 -0.49992473958333183
46 160 -0.4999247395833322
47 0 -0.14058333333333167
47 1 -0.14058333333333084
47 47 1.881500000000009
47 54 -1.099916666666666
47 55 -0.4999166666666636
48 1 -0.30203333333333504
48 2 -0.30203333333333116
48 48 1.937799999999996
48 56 -1.1665666666666723
48 57 -0.16656666666666822
49 2 -0.22912916666666927
49 3 -0.22912916666666772
49 49 2.2363361111111084
49 58 -1.6665916666666662
49 59 -0.11103611111111061
50 3 -0.30859978780865116
50 4 -0.3085997878086507
50 50 2.617537075617218
50 59 0.11119548611109298
50 60 -2.111026736111132
51 4 -0.11454583333333625
51 5 -0.11454583333333623
51 51 2.0071694444444366
51 61 -0.4443694444444461
51 62 -1.333258333333335
52 5 0.05559305555555888
52 6 0.0555930555555596
52 52 2.139113888888911
52 63 -0.9999249999999945
52 64 -1.2499249999999908
53 0 -0.1732496212121218
53 7 -0.17324962121212203
53 53 1.8014113636363567
53 54 -0.9089992424242463
53 66 -0.5453628787878836
54 0 -0.5226397727272735
54 8 -0.5226397727272747
54 47 -1.099916666666666
54 53 -0.9089992424242463
54 54 3.6829113636363573
54 55 -0.2811666666666669
54 66 -0.34649924242424607
55 1 -1.2749062499999957
55 8 -1.2749062499999981
55 47 -0.4999166666666636
55 54 -0.28116666666666706
55 55 3.9568125000000145
55 56 -0.2498958333333317
55 67 -0.3748958333333296
56 1 -0.27073125000000064
56 9 -0.2707312500000002
56 48 -1.166566666666672
56 55 -0.2498958333333316
56 56 4.01311249999999
56 57 -0.6040666666666723
56 67 -1.4498958333333305
57 2 -1.1589893465909071
57 9 -1.158989346590911
57 48 -0.1665666666666682
57 56 -0.6040666666666721
57 57 3.8370992739898866
57 58 -0.39383626893939344
57 68 -0.3534322285353563
58 2 -0.2322341698232293
58 10 -0.23223416982323464
58 49 -1.6665916666666656
58 57 -0.3938362689393931
58 58 4.1356353851010095
58 59 -0.4582583333333357
58 68 -1.1514120265151535
59 3 -1.8888092013888946
59 10 -1.8888092013888957
59 49 -0.1110361111111105
59 50 0.11119548611109265
59 58 -0.45825833333333604
59 59 4.853873186728353
59 60 -0.6171995756172998
60 4 -0.16657057291667293
60 10 -0.16657057291667027
60 50 -2.111026736111132
60 59 -0.6171995756172993
60 60 5.197570658044783
60 61 -0.024046776871977246
60 69 -2.111003298611106
61 4 -1.7221308159722208
61 11 -1.7221308159722217
61 51 -0.44436944444444565
61 60 -0.024046776871977205
61 61 4.587203026872
61 62 -0.2290916666666657
61 69 -0.4443366319444399
62 5 -0.6745219246031734
62 11 -0.674521924603172
62 51 -1.3332583333333352
62 61 -0.22909166666666547
62 62 4.251479563492089
62 63 0.14294464285714964
62 70 -1.4820553571428494
63 5 -1.3659901785714244
63 12 -1.3659901785714237
63 52 -0.9999249999999947
63 62 0.1429446428571498
63 63 4.383424007936538
63 64 0.11118611111111987
63 70 -0.9046744047619009
64 6 -0.8999208333333353
64 12 -0.8999208333333348
64 52 -1.2499249999999908
64 63 0.11118611111111976
64 64 3.9643638888888875
64 65 -0.7999166666666755
64 71 -0.22491666666667554
65 6 -0.11245833333333843
65 13 -0.11245833333333793
65 64 -0.7999166666666752
65 65 1.825249999999974
65 71 -0.7999166666666759
66 7 -1.0908059659090918
66 8 -1.0908059659090918
66 53 -0.5453628787878834
66 54 -0.3464992424242461
66 66 3.788118749999989
66 73 -0.16806723484848407
66 74 -0.5453399621212119
67 8 -0.5985331688596431
67 9 -0.5985331688596434
67 55 -0.37489583333332954
67 56 -1.4498958333333307
67 67 3.9838009868421436
67 74 -0.10506524122806404
67 75 -0.8550652412280624
68 9 -0.8182153135400212
68 10 -0.8182153135400213
68 57 -0.3534322285353563
68 58 -1.1514120265151537
68 68 4.0038861417644815
68 76 0.07532471700386156
68 77 -0.936235976637756
69 10 -0.43086394961846247
69 11 -0.4308639496184629
69 60 -2.111003298611106
69 61 -0.44433663194443973
69 69 4.464223416913735
69 78 -0.13610009469696394
69 79 -0.9088273674242363
70 11 -0.45342351190475816
70 12 -0.4534235119047613
70 62 -1.4820553571428496
70 63 -0.904674404761901
70 70 4.2974351190476305
70 80 0.05020833333332975
70 81 -1.0522916666666682
71 12 -1.0994603618421097
71 13 -1.099460361842102
71 64 -0.22491666666667542
71 65 -0.7999166666666762
71 71 3.9440273026315826
71 82 -0.7279514254385882
71 83 0.008890679824571202
72 7 -0.2641587121212134
72 14 -0.26415871212121356
72 72 1.9832295454545374
72 73 -1.272635606060612
72 85 -0.18172651515151916
73 7 -0.3635332386363655
73 15 -0.36353323863636705
73 66 -0.16806723484848363
73 72 -1.2726356060606123
73 73 3.9699369318181654
73 74 -1.272612689393939
73 85 -0.5283174242424292
74 8 -0.5115662380382746
74 15 -0.5115662380382755
74 66 -0.545339962121212
74 67 -0.10506524122806399
74 73 -1.2726126893939391
74 74 3.8951958732057594
74 75 -0.9471705043859591
75 9 -0.15098197958839346
75 15 -0.1509819795883941
75 67 -0.8550652412280626
75 74 -0.9471705043859591
75 75 3.7528884868421093
75 76 -0.7738217948718004
75 86 -0.8723794871794921
76 9 -0.904307731908625
76 16 -0.904307731908623
76 68 0.07532471700386179
76 75 -0.7738217948718003
76 76 3.9489868677745785
76 77 -1.2425943581406458
76 86 -0.1968987179487241
77 10 -0.0023339858746366238
77 16 -0.002333985874636374
77 68 -0.9362359766377555
77 76 -1.2425943581406458
77 77 4.07513511730466
77 78 -1.1551806586779478
77 87 -0.734128027098999
78 10 -0.8214776972616173
78 17 -0.8214776972616186
78 69 -0.136100094696964
78 77 -1.1551806586779478
78 78 3.8547380840162493
78 79 -0.8376811223649463
78 87 -0.07999268875313542
79 11 -0.017945880681817128
79 17 -0.01794588068181524
79 69 -0.9088273674242364
79 78 -0.8376811223649465
79 79 3.994814834486183
79 80 -1.0997916666666692
79 88 -1.1097916666666663
80 11 -1.08104166666667
80 18 -1.0810416666666696
80 70 0.05020833333332975
80 79 -1.0997916666666692
80 80 4.163749999999988
80 81 -1.0497916666666667
80 88 0.10020833333333107
81 12 0.0216333289826946
81 18 0.02163332898269643
81 70 -1.0522916666666682
81 80 -1.0497916666666671
81 81 4.068099496569202
81 82 -1.1501397660600676
81 89 -0.8565836801412117
82 12 -0.42384650015832126
82 19 -0.4238465001583195
82 71 -0.7279514254385886
82 81 -1.1501397660600674
82 82 4.133751799200806
82 83 -1.399004057017533
82 89 -0.006941675367942712
83 13 -0.45483897029505205
83 19 -0.45483897029504944
83 71 0.008890679824571424
83 82 -1.3990040570175333
83 83 4.102006848086148
83 84 -1.2726356060606105
83 90 -0.5283174242424256
84 13 -0.264158712121212
84 20 -0.2641587121212127
84 83 -1.27263560606061
84 84 1.9832295454545437
84 90 -0.18172651515151972
85 14 -1.2838111303868647
85 15 -1.283811130386865
85 72 -0.18172651515151922
85 73 -0.5283174242424293
85 85 3.9616575594572536
85 92 -0.3769538678278718
85 93 -0.30591561646175097
86 15 -0.7050211010343855
86 16 -0.7050211010343841
86 75 -0.8723794871794919
86 76 -0.19689871794872404
86 86 4.099375142045436
86 94 -1.6362204071969708
86 95 0.018325047348484447
87 16 -1.0088601243586424
87 17 -1.0088601243586452
87 77 -0.7341280270989992
87 78 -0.07999268875313523
87 87 4.228423041643809
87 95 0.13316856446709846
87 96 -1.5277756415414885
88 17 -0.7951818287037035
88 18 -0.7951818287037034
88 79 -1.1097916666666667
88 80 0.10020833333333085
88 88 3.848785570987657
88 98 -0.6479793981481476
88 99 -0.5985966820987632
89 18 -1.3121438059592903
89 19 -1.3121438059592876
89 81 -0.8565836801412117
89 82 -0.006941675367942879
89 89 4.58346751488491
89 99 0.40802738072759076
89 100 -1.5013381781847954
90 19 -1.3454504348330232
90 20 -1.3454504348330258
90 83 -0.5283174242424253
90 84 -0.18172651515151944
90 90 4.039658244434132
90 101 -0.2396938350340136
90 102 -0.39785710034013644
91 14 -0.16662682291666775
91 21 -0.16662682291666814
91 91 2.2224612847222156
91 92 -1.6665869791666672
91 104 -0.22214253472222417
92 14 -0.2640290755919892
92 22 -0.264029075591986
92 85 -0.37695386782787166
92 91 -1.666586979166667
92 92 4.200889298724936
92 93 -1.294986654713115
92 104 -0.33325364583333555
93 15 -0.7424346338013237
93 22 -0.7424346338013239
93 85 -0.30591561646175097
93 92 -1.2949866547131155
93 93 3.8790061390027235
93 94 -0.5808883727477483
93 105 -0.21061810247747825
94 15 -0.09614652756449771
94 23 -0.09614652756449477
94 86 -1.636220407196971
94 93 -0.5808883727477484
94 94 4.155553267045457
94 95 -0.6362204071969699
94 105 -1.1079153997747757
95 16 -1.581998024369227
95 23 -1.5819980243692282
95 86 0.018325047348484613
95 87 0.13316856446709835
95 94 -0.6362204071969703
95 95 4.512849934159191
95 96 -0.8625395900393416
96 17 0.24520675247164597
96 23 0.24520675247164542
96 87 -1.527775641541488
96 95 -0.8625395900393417
96 96 4.742874919664773
96 97 -1.4845917942176827
96 106 -1.3570407738095196
97 17 -1.1290743896053812
97 24 -1.129074389605381
97 96 -1.4845917942176827
97 97 4.296079403528386
97 98 -0.6171573881172898
97 106 0.3572449404761968
97 107 -0.2920545074588562
98 17 -0.4453255947788077
98 25 -0.4453255947788099
98 88 -0.6479793981481479
98 97 -0.6171573881172902
98 98 3.5492398469650057
98 99 -0.49057199074074215
98 107 -0.9011080054012426
99 18 -1.0746587881664715
99 25 -1.0746587881664706
99 88 -0.5985966820987633
99 89 0.4080273807275905
99 98 -0.49057199074074226
99 99 4.3066535893033615
99 100 -1.4741478458585067
100 19 0.14039939961014247
100 25 0.14039939961014197
100 89 -1.501338178184795
100 99 -1.4741478458585067
100 100 4.6589188275786455
100 101 -0.519658860391764
100 108 -1.441969617363879
101 19 -0.9199133588520084
101 26 -0.9199133588520056
101 90 -0.23969383503401354
101 100 -0.5196588603917643
101 101 4.146854508242542
101 102 -1.4182652636054431
101 108 -0.1272285815073046
102 20 -0.21980004251700241
102 26 -0.2198000425170049
102 90 -0.3978571003401364
102 101 -1.4182652636054431
102 102 4.2344877267573775
102 103 -1.599906249999995
102 109 -0.37768402777777305
103 20 -0.188842013888886
103 27 -0.18884201388888738
103 102 -1.599906249999995
103 103 2.1780590277777883
103 109 -0.19990624999999632
104 21 -1.7777027777777816
104 22 -1.777702777777781
104 91 -0.22214253472222384
104 92 -0.3332536458333354
104 104 4.741190740740714
104 110 0.22229253472221577
104 111 -0.8517815393518591
105 22 -0.6810440581284798
105 23 -0.6810440581284805
105 93 -0.2106181024774782
105 94 -1.1079153997747757
105 105 3.9087376884422094
105 113 -1.190747482202678
105 114 -0.03496858773031836
106 23 -1.3592937641723337
106 24 -1.3592937641723326
106 96 -1.3570407738095198
106 97 0.3572449404761968
106 106 4.497298639455799
106 114 -0.055424305555555775
106 115 -0.7220909722222235
107 24 -0.7861033947738213
107 25 -0.7861033947738204
107 97 -0.29205450745885597
107 98 -0.9011080054012425
107 107 3.6324982358654023
107 116 -0.3132583566542304
107 117 -0.5520643268034838
108 25 -0.519658860391768
108 26 -0.5196588603917641
108 100 -1.4419696173638787
108 101 -0.12722858150730432
108 108 4.180851618525906
108 118 -0.12722858150730415
108 119 -1.441969617363874
109 26 -1.5499192708333274
109 27 -1.5499192708333263
109 102 -0.37768402777777305
109 103 -0.199906249999996
109 109 4.478262152777801
109 120 -0.9999322916666568
109 121 0.20006770833333926
110 21 -0.4258907696759311
110 28 -0.42589076967593337
110 104 0.22229253472221533
110 110 2.518729456018491
110 111 -1.8888185763888967
111 22 -0.01555882726917629
111 28 -0.015558827269172931
111 104 -0.8517815393518589
111 110 -1.8888185763888965
111 111 4.5096725971569995
111 112 -1.309748217429577
111 122 -0.42711910944835385
112 22 -0.7981636957760881
112 29 -0.798163695776092
112 111 -1.3097482174295774
112 112 4.0707499888161
112 113 -0.9752192110655709
112 122 -0.25341018926056097
112 123 0.06576439549180368
113 22 0.015397903880743136
113 30 0.015397903880740277
113 105 -1.1907474822026782
113 112 -0.9752192110655711
113 113 4.0879664111198
113 114 -0.7811997435092147
113 123 -1.1692082821038272
114 23 -0.9564192272124512
114 30 -0.9564192272124519
114 105 -0.03496858773031836
114 106 -0.055424305555556
114 113 -0.7811997435092148
114 114 4.020458075346966
114 115 -1.2339957341269838
115 24 -0.21333529265872758
115 30 -0.21333529265873025
115 106 -0.7220909722222235
115 114 -1.2339957341269838
115 115 3.7928453869047685
115 116 -0.842674851190471
115 124 -0.565531994047614
116 24 -0.5587981604255492
116 31 -0.558798160425548
116 107 -0.31325835665423035
116 115 -0.8426748511904711
116 116 3.6019658348880723
116 117 -0.955049401430348
116 124 -0.3712462797618999
117 25 -0.14592968253810995
117 31 -0.14592968253810829
117 107 -0.5520643268034839
117 116 -0.9550494014303481
117 117 3.949445721856133
117 118 -1.404132923315609
117 125 -0.7445584552305009
118 25 -1.0932640362971893
118 32 -1.0932640362971884
118 108 -0.12722858150730426
118 117 -1.4041329233156095
118 118 4.218452571231023
118 119 -0.5196588603917637
118 125 0.021398991578012783
119 26 -0.3776264473723843
119 32 -0.3776264473723855
119 108 -1.441969617363874
119 118 -0.5196588603917636
119 119 4.462990037692146
119 120 0.05339161596607078
119 126 -1.7961659061578237
120 26 -0.7980490989122423
120 33 -0.7980490989122397
120 109 -0.9999322916666569
120 119 0.05339161596607089
120 120 4.672767353429217
120 121 -1.4999322916666573
120 126 -0.6280243132374662
121 27 -0.4999661458333319
121 33 -0.4999661458333283
121 109 0.2000677083333391
121 120 -1.4999322916666578
121 121 2.3002031250000172
122 28 -1.2798241087147892
122 29 -1.27982410871479
122 111 -0.42711910944835385
122 112 -0.2534101892605609
122 122 3.996451474471836
122 127 -0.08323333333333538
122 128 -0.6717750000000003
123 29 -0.9319649874772361
123 30 -0.9319649874772362
123 112 0.06576439549180402
123 113 -1.1692082821038268
123 123 4.150516661274061
123 129 0.04111379751461053
123 130 -1.222044097222231
124 30 -1.0045629464285657
124 31 -1.0045629464285684
124 115 -0.5655319940476141
124 116 -0.3712462797619
124 124 3.7401309480676646
124 131 -0.11089548611110639
124 132 -0.6809437952898507
125 31 -1.4836076883101044
125 32 -1.4836076883101044
125 117 -0.7445584552305009
125 118 0.021398991578013116
125 125 4.342993961441232
125 133 0.02695586087164059
125 134 -0.6780249820402361
126 32 -0.2298682404403839
126 33 -0.22986824044038492
126 119 -1.7961659061578237
126 120 -0.6280243132374665
126 126 4.738585343294078
126 136 -1.8239389076576533
126 137 -0.0266416103603572
127 28 -0.3358875000000015
127 34 -0.33588750000000145
127 122 -0.08323333333333582
127 127 2.0055083333333217
127 128 -1.2499000000000018
128 29 -0.14886557148972657
128 34 -0.1488655714897288
128 122 -0.6717750000000003
128 127 -1.2499000000000011
128 128 3.905393899828764
128 129 -1.1094749785958922
128 138 -0.5752284032534278
129 29 -0.8986362502378296
129 35 -0.8986362502378316
129 123 0.04111379751461053
129 128 -1.1094749785958924
129 129 3.9705953800918907
129 130 -0.8887107638888994
129 138 -0.21449780964611864
130 30 -0.0845924570540974
130 35 -0.08459245705409885
130 123 -1.222044097222231
130 129 -0.8887107638888998
130 130 3.9340928549294216
130 131 -0.9997723958333318
130 139 -0.6519463088768087
131 30 -0.6664450520833318
131 36 -0.6664450520833316
131 124 -0.11089548611110622
131 130 -0.9997723958333317
131 131 3.8229671144006008
131 132 -1.1664510416666616
131 139 -0.21029871162280625
132 31 -0.05403618834755264
132 36 -0.05403618834755272
132 124 -0.6809437952898506
132 131 -1.1664510416666616
132 132 3.9654287293996426
132 133 -1.0549196727362284
132 140 -0.9525574680118207
133 31 -0.8152912250260262
133 37 -0.8152912250260295
133 125 0.02695586087164048
133 132 -1.0549196727362287
133 133 4.220811855805154
133 134 -1.5630824533046057
133 140 0.00282310941600164
134 32 -0.3551104938409528
134 37 -0.3551104938409515
134 125 -0.6780249820402361
134 133 -1.5630824533046055
134 134 3.9637129923272076
134 135 -0.4867450696243526
134 141 -0.5230144996761641
135 32 -0.9768704346010018
135 38 -0.9768704346010045
135 134 -0.4867450696243524
135 135 4.520838895996771
135 136 -1.8390439498661055
135 141 -0.7371768485535397
135 142 0.4993303412492063
136 32 0.23634436544442672
136 39 0.23634436544442602
136 126 -1.8239389076576533
136 135 -1.8390439498661058
136 136 5.138114218007587
136 137 -0.5131280968468419
136 142 -1.4307263695258379
137 33 -0.9119694538288279
137 39 -0.911969453828825
137 126 -0.026641610360356893
137 136 -0.513128096846842
137 137 2.3660211148648833
138 34 -1.2469774732723027
138 35 -1.2469774732723047
138 128 -0.5752284032534278
138 129 -0.21449780964611898
138 138 3.9502918164954375
138 143 -0.15371073717948205
138 144 -0.5114030448717927
139 35 -0.8088911695075709
139 36 -0.8088911695075724
139 130 -0.6519463088768089
139 131 -0.21029871162280622
139 139 3.624504726939043
139 145 -0.390737215909086
139 146 -0.7513432765151451
140 36 -0.8383402020556905
140 37 -0.8383402020556914
140 132 -0.9525574680118205
140 133 0.0028231094160016124
140 140 3.9073469145033517
140 148 -1.0917253956861062
140 149 -0.18713175611013466
141 37 -0.27898473719312844
141 38 -0.27898473719312944
141 134 -0.5230144996761641
141 135 -0.7371768485535397
141 141 3.683031762241809
141 150 -0.9334693027210907
141 151 -0.9283672619047656
142 38 -1.1562799656128813
142 39 -1.1562799656128828
142 135 0.49933034124920667
142 136 -1.4307263695258376
142 142 4.772597790642686
142 152 -0.21035808662281386
142 153 -1.3156212445175484
143 34 -0.2557015224358963
143 40 -0.25570152243589606
143 138 -0.1537107371794822
143 143 2.050406250000014
143 144 -1.3844799679487123
144 35 -0.16011370192308005
144 40 -0.160113701923076
144 138 -0.5114030448717927
144 143 -1.3844799679487125
144 144 3.9293284722222093
144 145 -0.98943333333334
144 155 -0.7220722222222284
145 35 -0.7367077493686891
145 41 -0.7367077493686858
145 139 -0.39073721590908633
145 144 -0.9894333333333402
145 145 3.6400439078282805
145 146 -0.6180099431818122
145 155 -0.16651666666667225
146 36 -0.12388899485930499
146 41 -0.12388899485930413
146 139 -0.751343276515145
146 145 -0.6180099431818119
146 146 3.924693241728519
146 147 -1.1631632227891195
146 156 -1.1427550595238085
147 36 -1.1784511160714286
147 42 -1.1784511160714273
147 146 -1.1631632227891195
147 147 4.130152594656288
147 148 -0.6088840147243073
147 156 0.14295922619047352
147 157 -0.14271860119047414
148 36 -0.16492517865030332
148 43 -0.16492517865030398
148 140 -1.0917253956861064
148 147 -0.6088840147243073
148 148 3.8680832967052026
148 149 -0.6217607313751521
148 157 -1.214147172619044
149 37 -0.9791374374263859
149 43 -0.9791374374263868
149 140 -0.1871317561101346
149 148 -0.6217607313751523
149 149 3.7862982651158053
149 150 -0.8843272569444474
149 158 -0.13321614583333502
150 37 -0.5307917038690505
150 44 -0.5307917038690484
150 141 -0.9334693027210906
150 149 -0.8843272569444475
150 150 3.8190819763321886
150 151 -0.07122440476190733
150 158 -0.86654947916667
151 38 -0.6452368090986396
151 44 -0.6452368090986392
151 141 -0.9283672619047657
151 150 -0.07122440476190736
151 151 3.765528662056924
151 152 -0.47354566885964733
151 159 -0.9998614583333287
152 38 -1.1577413514254429
152 45 -1.1577413514254395
152 142 -0.21035808662281386
152 151 -0.47354566885964755
152 152 3.8317473801691575
152 153 -0.4735159813596548
152 159 -0.35700431547618716
153 39 -0.10510378289473885
153 45 -0.1051037828947386
153 142 -1.3156212445175486
153 152 -0.4735159813596549
153 153 4.000956249999985
153 154 -0.999849479166665
153 160 -0.9998494791666621
154 39 -0.4999247395833317
154 46 -0.4999247395833314
154 153 -0.9998494791666653
154 154 2.0004515625000097
154 160 0.00015052083333660926
155 40 -0.4947166666666698
155 41 -0.49471666666667113
155 144 -0.7220722222222284
155 145 -0.16651666666667203
155 155 1.8789222222222002
156 41 -0.5815816113945578
156 42 -0.5815816113945605
156 146 -1.1427550595238085
156 147 0.14295922619047363
156 156 2.1635715561224473
157 42 -0.30444200736215504
157 43 -0.30444200736215565
157 147 -0.1427186011904742
157 148 -1.214147172619044
157 157 1.9665810385338371
158 43 -0.4421636284722228
158 44 -0.44216362847222296
158 149 -0.133216145833335
158 150 -0.8665494791666699
158 158 1.8847960069444383
159 44 -0.23677283442982366
159 45 -0.23677283442982333
159 151 -0.9998614583333286
159 152 -0.3570043154761872
159 159 1.8312426926691807
160 45 -0.4999247395833307
160 46 -0.49992473958333195
160 153 -0.9998494791666627
160 154 0.000150520833336526
160 160 2.0004515625000105
