0 0 0.8373477272727222
0 1 -0.1404583333333281
0 7 -0.17311212121212682
0 8 -0.522377272727278
1 0 -0.14045833333332827
1 1 1.9896916666666782
1 2 -0.30188333333333717
1 8 -1.2746249999999903
1 9 -0.2704250000000039
2 1 -0.3018833333333373
2 2 1.923776641414142
2 3 -0.22901666666666948
2 9 -1.1586846590909163
2 10 -0.23196698232323343
3 2 -0.22901666666666964
3 3 2.4273350308641355
3 4 -0.3084732253086812
3 10 -1.8885701388889196
4 3 -0.3084732253086811
4 4 2.3131829475307977
4 5 -0.11443333333333883
4 10 -0.16628229166669128
4 11 -1.7218565972222142
5 4 -0.11443333333333877
5 5 2.100652380952418
5 6 0.05570555555557061
5 11 -0.6742781746031622
5 12 -1.365746428571406
6 5 0.05570555555557061
6 6 0.9575777777777736
6 12 -0.8996833333333363
6 13 -0.11233333333335141
7 0 -0.17311212121212677
7 7 1.8932371212120964
7 8 -1.0904965909090971
7 14 -0.2640212121212193
7 15 -0.36322386363637366
8 0 -0.5223772727272779
8 1 -1.2746249999999903
8 7 -1.0904965909090976
8 8 4.00140972886765
8 9 -0.5980800438596268
8 15 -0.5110974880382655
9 1 -0.270425000000004
9 2 -1.1586846590909161
9 8 -0.5980800438596268
9 9 3.9062692071542986
9 10 -0.8177903135400115
9 15 -0.15036010458839177
9 16 -0.9037124194086184
10 2 -0.23196698232323332
10 3 -1.8885701388889196
10 4 -0.1662822916666915
10 9 -0.8177903135400115
10 10 4.365614265423532
10 11 -0.43030691836844626
10 16 -0.0017519546246269058
10 17 -0.8207706660116126
11 4 -1.7218565972222135
11 5 -0.6742781746031621
11 10 -0.43030691836844615
11 11 4.384680353613827
11 12 -0.4529797619047534
11 17 -0.01723806818180834
11 18 -1.080416666666675
12 5 -1.365746428571406
12 6 -0.8996833333333367
12 11 -0.45297976190475353
12 12 4.224963785993941
12 13 -1.0991572368421045
12 18 0.022273172732689223
12 19 -0.4233410314083119
13 6 -0.11233333333335133
13 12 -1.0991572368421039
13 13 1.9323851275917083
13 19 -0.4545233452950399
13 20 -0.26402121212121543
14 7 -0.2640212121212193
14 14 1.9799590743500204
14 15 -1.283530661636876
14 21 -0.1665072916666706
14 22 -0.26376657559199457
15 7 -0.3632238636363738
15 8 -0.5110974880382654
15 9 -0.15036010458839186
15 14 -1.2835306616368762
15 15 3.8587552657167232
15 16 -0.7044812572843943
15 22 -0.7420026025513282
15 23 -0.09564262131449652
16 9 -0.9037124194086182
16 10 -0.0017519546246269058
16 15 -0.704481257284394
16 16 4.206867321712209
16 17 -1.008366374358645
16 23 -1.581601149369227
17 10 -0.8207706660116129
17 11 -0.017238068181808452
17 16 -1.0083663743586448
17 17 3.978650950418337
17 18 -0.7946162037037034
17 23 0.24554190872165466
17 24 -1.1287314208553836
17 25 -0.444882626028818
18 11 -1.0804166666666752
18 12 0.02227317273268914
18 17 -0.7946162037037037
18 18 4.2462729688467515
18 19 -1.3115578684592946
18 25 -1.0741470694164714
19 12 -0.4233410314083122
19 13 -0.45452334529504
19 18 -1.3115578684592946
19 19 4.320616587154232
19 20 -1.3451598098330286
19 25 0.14105018086013865
19 26 -0.9193680463520066
20 13 -0.2640212121212152
20 19 -1.3451598098330286
20 20 2.0196887033601447
20 26 -0.21950629251699863
20 27 -0.18870138888888066
21 14 -0.1665072916666706
21 21 2.37097037037033
21 22 -1.7774777777777948
21 28 -0.4257853009259446
22 14 -0.2637665755919947
22 15 -0.7420026025513278
22 21 -1.7774777777777941
22 22 4.268269539464048
22 23 -0.6804440581284812
22 28 -0.015286952269182696
22 29 -0.7977113520260866
22 30 0.015994778880740412
23 15 -0.09564262131449663
23 16 -1.581601149369227
23 17 0.24554190872165466
23 22 -0.6804440581284811
23 23 4.434184432308709
23 24 -1.3589437641723254
23 30 -0.9559114147124537
24 17 -1.1287314208553834
24 23 -1.3589437641723257
24 24 4.050188334969148
24 25 -0.785651832273833
24 30 -0.21286498015872374
24 31 -0.5582630041755421
25 17 -0.4448826260288178
25 18 -1.0741470694164716
25 19 0.14105018086013912
25 24 -0.7856518322738328
25 25 3.930978457335955
25 26 -0.5188744853917618
25 31 -0.14548437003811593
25 32 -1.092688255047193
26 19 -0.9193680463520066
26 20 -0.21950629251699866
26 25 -0.518874485391762
26 26 4.390370724712107
26 27 -1.5496770833333116
26 32 -0.37679285362238857
26 33 -0.7975061301622353
27 20 -0.18870138888888066
27 26 -1.5496770833333116
27 27 2.2395347222222566
27 33 -0.4998645833333197
28 21 -0.42578530092594447
28 22 -0.015286952269182807
28 28 2.0585674556598454
28 29 -1.279507702464788
28 34 -0.33573750000000546
29 22 -0.7977113520260865
29 28 -1.2795077024647878
29 29 4.060923363695621
29 30 -0.9314118624772497
29 34 -0.14854447773973087
29 35 -0.8981979689878473
30 22 0.0159947788807403
30 23 -0.9559114147124537
30 24 -0.21286498015872385
30 29 -0.9314118624772496
30 30 3.8485861215336534
30 31 -1.0039660714285519
30 35 -0.08398386330410942
30 36 -0.665780208333323
31 24 -0.5582630041755423
31 25 -0.14548437003811543
31 30 -1.0039660714285519
31 31 4.067371724409194
31 32 -1.4832201883101206
31 36 -0.053415094597558554
31 37 -0.8147896625260516
32 25 -1.092688255047193
32 26 -0.37679285362238873
32 31 -1.4832201883101215
32 32 4.288885787917519
32 33 -0.22884870919038278
32 37 -0.3544542438409643
32 38 -0.9760048096010089
32 39 0.23733577169442588
33 26 -0.7975061301622356
33 27 -0.49986458333331957
33 32 -0.22884870919038225
33 33 2.4435899181814933
33 39 -0.9113913288288187
34 28 -0.33573750000000535
34 29 -0.1485444777397309
34 34 1.9891794630312585
34 35 -1.2466032545223007
34 40 -0.25549839743588937
35 29 -0.8981979689878479
35 30 -0.08398386330410956
35 34 -1.246603254522301
35 35 3.9408042180301854
35 36 -0.8082919507575586
35 40 -0.1596855769230826
35 41 -0.7362249368686882
36 30 -0.6657802083333227
36 31 -0.053415094597558416
36 35 -0.8082919507575582
36 36 3.8409857140751735
36 37 -0.8378214520557132
36 41 -0.12347805735929923
36 42 -1.1780901785714262
36 43 -0.16449627240030756
37 31 -0.8147896625260512
37 32 -0.35445424384096447
37 36 -0.8378214520557131
37 37 3.8031792369111064
37 38 -0.2782261434431317
37 43 -0.9787405624263964
37 44 -0.5303096726190561
38 32 -0.9760048096010085
38 37 -0.27822614344313157
38 38 4.220553402097691
38 39 -1.1556143406128991
38 44 -0.6447227465986403
38 45 -1.1572811951754467
39 32 0.237335771694426
39 33 -0.9113913288288185
39 38 -1.155614340612899
39 39 2.441832013975332
39 45 -0.10462565789474443
39 46 -0.4996989583333265
40 34 -0.2554983974358896
40 35 -0.15968557692308272
40 40 0.911958974358967
40 41 -0.49449166666668065
41 35 -0.7362249368686885
41 36 -0.12347805735929934
41 40 -0.49449166666668065
41 41 1.9390148139558785
41 42 -0.5814284863945609
42 36 -1.178090178571426
42 41 -0.5814284863945609
42 42 2.06567785982814
42 43 -0.30423419486215253
43 36 -0.1644962724003079
43 37 -0.9787405624263964
43 42 -0.3042341948621524
43 43 1.8926838769110446
43 44 -0.4419878472222264
44 37 -0.5303096726190563
44 38 -0.64472274659864
44 43 -0.4419878472222265
44 44 1.8572644550363948
44 45 -0.23656502192981907
45 38 -1.157281195175447
45 39 -0.1046256578947446
45 44 -0.23656502192981915
45 45 2.00182916666666
45 46 -0.4996989583333262
46 39 -0.4996989583333273
46 45 -0.49969895833332667
46 46 1.0006020833333453
