0 0 1.0
1 1 1.0
2 2 1.0
3 3 1.0
4 4 1.0
5 5 1.0
6 6 1.0
7 7 1.0
8 8 1.0
9 9 1.0
10 10 1.0
11 11 1.0
12 12 1.0
13 13 1.0
14 14 1.0
15 15 1.0
16 16 1.0
17 17 1.0
18 18 1.0
19 19 1.0
20 20 1.0
21 21 1.0
22 22 1.0
23 23 1.0
24 24 1.0
25 25 1.0
26 26 1.0
27 27 1.0
28 28 1.0
29 29 1.0
30 30 1.0
31 31 1.0
32 32 1.0
33 33 1.0
34 34 1.0
35 35 1.0
36 36 1.0
37 37 1.0
38 38 1.0
39 39 1.0
40 40 1.0
41 41 1.0
42 42 1.0
43 43 1.0
44 44 1.0
45 45 1.0
46 46 1.0
47 0 0.5
47 1 0.5
48 1 0.5
48 2 0.5
49 2 0.5
49 3 0.5
50 3 0.5
50 4 0.5
51 4 0.5
51 5 0.5
52 5 0.5
52 6 0.5
53 0 0.5
53 7 0.5
54 0 0.5
54 8 0.5
55 1 0.5
55 8 0.5
56 1 0.5
56 9 0.5
57 2 0.5
57 9 0.5
58 2 0.5
58 10 0.5
59 3 0.5
59 10 0.5
60 4 0.5
60 10 0.5
61 4 0.5
61 11 0.5
62 5 0.5
62 11 0.5
63 5 0.5
63 12 0.5
64 6 0.5
64 12 0.5
65 6 0.5
65 13 0.5
66 7 0.5
66 8 0.5
67 8 0.5
67 9 0.5
68 9 0.5
68 10 0.5
69 10 0.5
69 11 0.5
70 11 0.5
70 12 0.5
71 12 0.5
71 13 0.5
72 7 0.5
72 14 0.5
73 7 0.5
73 15 0.5
74 8 0.5
74 15 0.5
75 9 0.5
75 15 0.5
76 9 0.5
76 16 0.5
77 10 0.5
77 16 0.5
78 10 0.5
78 17 0.5
79 11 0.5
79 17 0.5
80 11 0.5
80 18 0.5
81 12 0.5
81 18 0.5
82 12 0.5
82 19 0.5
83 13 0.5
83 19 0.5
84 13 0.5
84 20 0.5
85 14 0.5
85 15 0.5
86 15 0.5
86 16 0.5
87 16 0.5
87 17 0.5
88 17 0.5
88 18 0.5
89 18 0.5
89 19 0.5
90 19 0.5
90 20 0.5
91 14 0.5
91 21 0.5
92 14 0.5
92 22 0.5
93 15 0.5
93 22 0.5
94 15 0.5
94 23 0.5
95 16 0.5
95 23 0.5
96 17 0.5
96 23 0.5
97 17 0.5
97 24 0.5
98 17 0.5
98 25 0.5
99 18 0.5
99 25 0.5
100 19 0.5
100 25 0.5
101 19 0.5
101 26 0.5
102 20 0.5
102 26 0.5
103 20 0.5
103 27 0.5
104 21 0.5
104 22 0.5
105 22 0.5
105 23 0.5
106 23 0.5
106 24 0.5
107 24 0.5
107 25 0.5
108 25 0.5
108 26 0.5
109 26 0.5
109 27 0.5
110 21 0.5
110 28 0.5
111 22 0.5
111 28 0.5
112 22 0.5
112 29 0.5
113 22 0.5
113 30 0.5
114 23 0.5
114 30 0.5
115 24 0.5
115 30 0.5
116 24 0.5
116 31 0.5
117 25 0.5
117 31 0.5
118 25 0.5
118 32 0.5
119 26 0.5
119 32 0.5
120 26 0.5
120 33 0.5
121 33 0.5
121 27 0.5
122 28 0.5
122 29 0.5
123 29 0.5
123 30 0.5
124 30 0.5
124 31 0.5
125 31 0.5
125 32 0.5
126 32 0.5
126 33 0.5
127 28 0.5
127 34 0.5
128 29 0.5
128 34 0.5
129 29 0.5
129 35 0.5
130 30 0.5
130 35 0.5
131 30 0.5
131 36 0.5
132 31 0.5
132 36 0.5
133 31 0.5
133 37 0.5
134 32 0.5
134 37 0.5
135 32 0.5
135 38 0.5
136 32 0.5
136 39 0.5
137 39 0.5
137 33 0.5
138 34 0.5
138 35 0.5
139 35 0.5
139 36 0.5
140 36 0.5
140 37 0.5
141 37 0.5
141 38 0.5
142 38 0.5
142 39 0.5
143 34 0.5
143 40 0.5
144 35 0.5
144 40 0.5
145 35 0.5
145 41 0.5
146 36 0.5
146 41 0.5
147 36 0.5
147 42 0.5
148 36 0.5
148 43 0.5
149 37 0.5
149 43 0.5
150 37 0.5
150 44 0.5
151 38 0.5
151 44 0.5
152 38 0.5
152 45 0.5
153 39 0.5
153 45 0.5
154 39 0.5
154 46 0.5
155 40 0.5
155 41 0.5
156 41 0.5
156 42 0.5
157 42 0.5
157 43 0.5
158 43 0.5
158 44 0.5
159 44 0.5
159 45 0.5
160 45 0.5
160 46 0.5
