0 0 1.0
1 1 1.0
2 2 1.0
3 3 1.0
4 4 1.0
5 5 1.0
6 6 1.0
7 7 1.0
8 8 1.0
9 9 1.0
10 10 1.0
11 11 1.0
12 12 1.0
13 13 1.0
14 14 1.0
15 15 1.0
16 16 1.0
17 17 1.0
18 18 1.0
19 19 1.0
20 20 1.0
21 21 1.0
22 22 1.0
23 23 1.0
24 24 1.0
25 25 1.0
26 26 1.0
27 27 1.0
28 28 1.0
29 29 1.0
30 30 1.0
31 31 1.0
32 32 1.0
33 33 1.0
34 34 1.0
35 35 1.0
36 36 1.0
37 37 1.0
38 38 1.0
39 39 1.0
40 40 1.0
41 41 1.0
42 42 1.0
43 43 1.0
44 44 1.0
45 45 1.0
46 46 1.0
47 47 1.0
48 48 1.0
49 49 1.0
50 50 1.0
51 51 1.0
52 52 1.0
53 53 1.0
54 54 1.0
55 55 1.0
56 56 1.0
57 57 1.0
58 58 1.0
59 59 1.0
60 60 1.0
61 61 1.0
62 62 1.0
63 63 1.0
64 64 1.0
65 65 1.0
66 66 1.0
67 67 1.0
68 68 1.0
69 69 1.0
70 70 1.0
71 71 1.0
72 72 1.0
73 73 1.0
74 74 1.0
75 75 1.0
76 76 1.0
77 77 1.0
78 78 1.0
79 79 1.0
80 80 1.0
81 81 1.0
82 82 1.0
83 83 1.0
84 84 1.0
85 85 1.0
86 86 1.0
87 87 1.0
88 88 1.0
89 89 1.0
90 90 1.0
91 91 1.0
92 92 1.0
93 93 1.0
94 94 1.0
95 95 1.0
96 96 1.0
97 97 1.0
98 98 1.0
99 99 1.0
100 100 1.0
101 101 1.0
102 102 1.0
103 103 1.0
104 104 1.0
105 105 1.0
106 106 1.0
107 107 1.0
108 108 1.0
109 109 1.0
110 110 1.0
111 111 1.0
112 112 1.0
113 113 1.0
114 114 1.0
115 115 1.0
116 116 1.0
117 117 1.0
118 118 1.0
119 119 1.0
120 120 1.0
121 121 1.0
122 122 1.0
123 123 1.0
124 124 1.0
125 125 1.0
126 126 1.0
127 127 1.0
128 128 1.0
129 129 1.0
130 130 1.0
131 131 1.0
132 132 1.0
133 133 1.0
134 134 1.0
135 135 1.0
136 136 1.0
137 137 1.0
138 138 1.0
139 139 1.0
140 140 1.0
141 141 1.0
142 142 1.0
143 143 1.0
144 144 1.0
145 145 1.0
146 146 1.0
147 147 1.0
148 148 1.0
149 149 1.0
150 150 1.0
151 151 1.0
152 152 1.0
153 153 1.0
154 154 1.0
155 155 1.0
156 156 1.0
157 157 1.0
158 158 1.0
159 159 1.0
160 160 1.0
161 66 0.5
161 54 0.5
162 66 0.5
162 53 0.5
163 53 0.5
163 54 0.5
164 54 0.5
164 0 0.5
165 8 0.5
165 54 0.5
166 8 0.5
166 66 0.5
167 66 0.5
167 7 0.5
168 7 0.5
168 53 0.5
169 53 0.5
169 0 0.5
170 55 0.5
170 47 0.5
171 55 0.5
171 54 0.5
172 54 0.5
172 47 0.5
173 0 0.5
173 47 0.5
174 47 0.5
174 1 0.5
175 55 0.5
175 1 0.5
176 8 0.5
176 55 0.5
177 67 0.5
177 56 0.5
178 67 0.5
178 55 0.5
179 55 0.5
179 56 0.5
180 56 0.5
180 1 0.5
181 9 0.5
181 56 0.5
182 9 0.5
182 67 0.5
183 67 0.5
183 8 0.5
184 57 0.5
184 48 0.5
185 57 0.5
185 56 0.5
186 56 0.5
186 48 0.5
187 1 0.5
187 48 0.5
188 48 0.5
188 2 0.5
189 57 0.5
189 2 0.5
190 9 0.5
190 57 0.5
191 68 0.5
191 58 0.5
192 68 0.5
192 57 0.5
193 57 0.5
193 58 0.5
194 58 0.5
194 2 0.5
195 10 0.5
195 58 0.5
196 10 0.5
196 68 0.5
197 68 0.5
197 9 0.5
198 59 0.5
198 49 0.5
199 59 0.5
199 58 0.5
200 58 0.5
200 49 0.5
201 2 0.5
201 49 0.5
202 49 0.5
202 3 0.5
203 59 0.5
203 3 0.5
204 10 0.5
204 59 0.5
205 60 0.5
205 50 0.5
206 60 0.5
206 59 0.5
207 59 0.5
207 50 0.5
208 3 0.5
208 50 0.5
209 50 0.5
209 4 0.5
210 60 0.5
210 4 0.5
211 10 0.5
211 60 0.5
212 69 0.5
212 61 0.5
213 69 0.5
213 60 0.5
214 60 0.5
214 61 0.5
215 61 0.5
215 4 0.5
216 11 0.5
216 61 0.5
217 11 0.5
217 69 0.5
218 69 0.5
218 10 0.5
219 62 0.5
219 51 0.5
220 62 0.5
220 61 0.5
221 61 0.5
221 51 0.5
222 4 0.5
222 51 0.5
223 51 0.5
223 5 0.5
224 62 0.5
224 5 0.5
225 11 0.5
225 62 0.5
226 70 0.5
226 63 0.5
227 70 0.5
227 62 0.5
228 62 0.5
228 63 0.5
229 63 0.5
229 5 0.5
230 12 0.5
230 63 0.5
231 12 0.5
231 70 0.5
232 70 0.5
232 11 0.5
233 64 0.5
233 52 0.5
234 64 0.5
234 63 0.5
235 63 0.5
235 52 0.5
236 5 0.5
236 52 0.5
237 52 0.5
237 6 0.5
238 64 0.5
238 6 0.5
239 12 0.5
239 64 0.5
240 71 0.5
240 65 0.5
241 71 0.5
241 64 0.5
242 64 0.5
242 65 0.5
243 6 0.5
243 65 0.5
244 65 0.5
244 13 0.5
245 13 0.5
245 71 0.5
246 71 0.5
246 12 0.5
247 74 0.5
247 66 0.5
248 74 0.5
248 73 0.5
249 73 0.5
249 66 0.5
250 74 0.5
250 8 0.5
251 15 0.5
251 74 0.5
252 15 0.5
252 73 0.5
253 73 0.5
253 7 0.5
254 75 0.5
254 67 0.5
255 75 0.5
255 74 0.5
256 74 0.5
256 67 0.5
257 75 0.5
257 9 0.5
258 15 0.5
258 75 0.5
259 86 0.5
259 76 0.5
260 86 0.5
260 75 0.5
261 75 0.5
261 76 0.5
262 76 0.5
262 9 0.5
263 16 0.5
263 76 0.5
264 16 0.5
264 86 0.5
265 86 0.5
265 15 0.5
266 77 0.5
266 68 0.5
267 77 0.5
267 76 0.5
268 76 0.5
268 68 0.5
269 77 0.5
269 10 0.5
270 16 0.5
270 77 0.5
271 87 0.5
271 78 0.5
272 87 0.5
272 77 0.5
273 77 0.5
273 78 0.5
274 78 0.5
274 10 0.5
275 17 0.5
275 78 0.5
276 17 0.5
276 87 0.5
277 87 0.5
277 16 0.5
278 79 0.5
278 69 0.5
279 79 0.5
279 78 0.5
280 78 0.5
280 69 0.5
281 79 0.5
281 11 0.5
282 17 0.5
282 79 0.5
283 88 0.5
283 80 0.5
284 88 0.5
284 79 0.5
285 79 0.5
285 80 0.5
286 80 0.5
286 11 0.5
287 18 0.5
287 80 0.5
288 18 0.5
288 88 0.5
289 88 0.5
289 17 0.5
290 81 0.5
290 70 0.5
291 81 0.5
291 80 0.5
292 80 0.5
292 70 0.5
293 81 0.5
293 12 0.5
294 18 0.5
294 81 0.5
295 89 0.5
295 82 0.5
296 89 0.5
296 81 0.5
297 81 0.5
297 82 0.5
298 82 0.5
298 12 0.5
299 19 0.5
299 82 0.5
300 19 0.5
300 89 0.5
301 89 0.5
301 18 0.5
302 83 0.5
302 71 0.5
303 83 0.5
303 82 0.5
304 82 0.5
304 71 0.5
305 83 0.5
305 13 0.5
306 19 0.5
306 83 0.5
307 90 0.5
307 84 0.5
308 90 0.5
308 83 0.5
309 83 0.5
309 84 0.5
310 13 0.5
310 84 0.5
311 84 0.5
311 20 0.5
312 20 0.5
312 90 0.5
313 90 0.5
313 19 0.5
314 85 0.5
314 73 0.5
315 85 0.5
315 72 0.5
316 72 0.5
316 73 0.5
317 15 0.5
317 85 0.5
318 85 0.5
318 14 0.5
319 14 0.5
319 72 0.5
320 72 0.5
320 7 0.5
321 93 0.5
321 85 0.5
322 93 0.5
322 92 0.5
323 92 0.5
323 85 0.5
324 93 0.5
324 15 0.5
325 22 0.5
325 93 0.5
326 22 0.5
326 92 0.5
327 92 0.5
327 14 0.5
328 105 0.5
328 94 0.5
329 105 0.5
329 93 0.5
330 93 0.5
330 94 0.5
331 94 0.5
331 15 0.5
332 23 0.5
332 94 0.5
333 23 0.5
333 105 0.5
334 105 0.5
334 22 0.5
335 95 0.5
335 86 0.5
336 95 0.5
336 94 0.5
337 94 0.5
337 86 0.5
338 95 0.5
338 16 0.5
339 23 0.5
339 95 0.5
340 96 0.5
340 87 0.5
341 96 0.5
341 95 0.5
342 95 0.5
342 87 0.5
343 96 0.5
343 17 0.5
344 23 0.5
344 96 0.5
345 106 0.5
345 97 0.5
346 106 0.5
346 96 0.5
347 96 0.5
347 97 0.5
348 97 0.5
348 17 0.5
349 24 0.5
349 97 0.5
350 24 0.5
350 106 0.5
351 106 0.5
351 23 0.5
352 107 0.5
352 98 0.5
353 107 0.5
353 97 0.5
354 97 0.5
354 98 0.5
355 98 0.5
355 17 0.5
356 25 0.5
356 98 0.5
357 25 0.5
357 107 0.5
358 107 0.5
358 24 0.5
359 99 0.5
359 88 0.5
360 99 0.5
360 98 0.5
361 98 0.5
361 88 0.5
362 99 0.5
362 18 0.5
363 25 0.5
363 99 0.5
364 100 0.5
364 89 0.5
365 100 0.5
365 99 0.5
366 99 0.5
366 89 0.5
367 100 0.5
367 19 0.5
368 25 0.5
368 100 0.5
369 108 0.5
369 101 0.5
370 108 0.5
370 100 0.5
371 100 0.5
371 101 0.5
372 101 0.5
372 19 0.5
373 26 0.5
373 101 0.5
374 26 0.5
374 108 0.5
375 108 0.5
375 25 0.5
376 102 0.5
376 90 0.5
377 102 0.5
377 101 0.5
378 101 0.5
378 90 0.5
379 102 0.5
379 20 0.5
380 26 0.5
380 102 0.5
381 109 0.5
381 103 0.5
382 109 0.5
382 102 0.5
383 102 0.5
383 103 0.5
384 20 0.5
384 103 0.5
385 103 0.5
385 27 0.5
386 27 0.5
386 109 0.5
387 109 0.5
387 26 0.5
388 104 0.5
388 92 0.5
389 104 0.5
389 91 0.5
390 91 0.5
390 92 0.5
391 22 0.5
391 104 0.5
392 104 0.5
392 21 0.5
393 21 0.5
393 91 0.5
394 91 0.5
394 14 0.5
395 111 0.5
395 104 0.5
396 111 0.5
396 110 0.5
397 110 0.5
397 104 0.5
398 111 0.5
398 22 0.5
399 28 0.5
399 111 0.5
400 28 0.5
400 110 0.5
401 110 0.5
401 21 0.5
402 122 0.5
402 112 0.5
403 122 0.5
403 111 0.5
404 111 0.5
404 112 0.5
405 112 0.5
405 22 0.5
406 29 0.5
406 112 0.5
407 29 0.5
407 122 0.5
408 122 0.5
408 28 0.5
409 123 0.5
409 113 0.5
410 123 0.5
410 112 0.5
411 112 0.5
411 113 0.5
412 113 0.5
412 22 0.5
413 30 0.5
413 113 0.5
414 30 0.5
414 123 0.5
415 123 0.5
415 29 0.5
416 114 0.5
416 105 0.5
417 114 0.5
417 113 0.5
418 113 0.5
418 105 0.5
419 114 0.5
419 23 0.5
420 30 0.5
420 114 0.5
421 115 0.5
421 106 0.5
422 115 0.5
422 114 0.5
423 114 0.5
423 106 0.5
424 115 0.5
424 24 0.5
425 30 0.5
425 115 0.5
426 124 0.5
426 116 0.5
427 124 0.5
427 115 0.5
428 115 0.5
428 116 0.5
429 116 0.5
429 24 0.5
430 31 0.5
430 116 0.5
431 31 0.5
431 124 0.5
432 124 0.5
432 30 0.5
433 117 0.5
433 107 0.5
434 117 0.5
434 116 0.5
435 116 0.5
435 107 0.5
436 117 0.5
436 25 0.5
437 31 0.5
437 117 0.5
438 125 0.5
438 118 0.5
439 125 0.5
439 117 0.5
440 117 0.5
440 118 0.5
441 118 0.5
441 25 0.5
442 32 0.5
442 118 0.5
443 32 0.5
443 125 0.5
444 125 0.5
444 31 0.5
445 119 0.5
445 108 0.5
446 119 0.5
446 118 0.5
447 118 0.5
447 108 0.5
448 119 0.5
448 26 0.5
449 32 0.5
449 119 0.5
450 126 0.5
450 120 0.5
451 126 0.5
451 119 0.5
452 119 0.5
452 120 0.5
453 120 0.5
453 26 0.5
454 33 0.5
454 120 0.5
455 33 0.5
455 126 0.5
456 126 0.5
456 32 0.5
457 121 0.5
457 109 0.5
458 121 0.5
458 120 0.5
459 120 0.5
459 109 0.5
460 121 0.5
460 27 0.5
461 33 0.5
461 121 0.5
462 128 0.5
462 122 0.5
463 128 0.5
463 127 0.5
464 127 0.5
464 122 0.5
465 128 0.5
465 29 0.5
466 34 0.5
466 128 0.5
467 34 0.5
467 127 0.5
468 127 0.5
468 28 0.5
469 138 0.5
469 129 0.5
470 138 0.5
470 128 0.5
471 128 0.5
471 129 0.5
472 129 0.5
472 29 0.5
473 35 0.5
473 129 0.5
474 35 0.5
474 138 0.5
475 138 0.5
475 34 0.5
476 130 0.5
476 123 0.5
477 130 0.5
477 129 0.5
478 129 0.5
478 123 0.5
479 130 0.5
479 30 0.5
480 35 0.5
480 130 0.5
481 139 0.5
481 131 0.5
482 139 0.5
482 130 0.5
483 130 0.5
483 131 0.5
484 131 0.5
484 30 0.5
485 36 0.5
485 131 0.5
486 36 0.5
486 139 0.5
487 139 0.5
487 35 0.5
488 132 0.5
488 124 0.5
489 132 0.5
489 131 0.5
490 131 0.5
490 124 0.5
491 132 0.5
491 31 0.5
492 36 0.5
492 132 0.5
493 140 0.5
493 133 0.5
494 140 0.5
494 132 0.5
495 132 0.5
495 133 0.5
496 133 0.5
496 31 0.5
497 37 0.5
497 133 0.5
498 37 0.5
498 140 0.5
499 140 0.5
499 36 0.5
500 134 0.5
500 125 0.5
501 134 0.5
501 133 0.5
502 133 0.5
502 125 0.5
503 134 0.5
503 32 0.5
504 37 0.5
504 134 0.5
505 141 0.5
505 135 0.5
506 141 0.5
506 134 0.5
507 134 0.5
507 135 0.5
508 135 0.5
508 32 0.5
509 38 0.5
509 135 0.5
510 38 0.5
510 141 0.5
511 141 0.5
511 37 0.5
512 142 0.5
512 136 0.5
513 142 0.5
513 135 0.5
514 135 0.5
514 136 0.5
515 136 0.5
515 32 0.5
516 39 0.5
516 136 0.5
517 39 0.5
517 142 0.5
518 142 0.5
518 38 0.5
519 137 0.5
519 126 0.5
520 137 0.5
520 136 0.5
521 136 0.5
521 126 0.5
522 137 0.5
522 33 0.5
523 39 0.5
523 137 0.5
524 144 0.5
524 138 0.5
525 144 0.5
525 143 0.5
526 143 0.5
526 138 0.5
527 144 0.5
527 35 0.5
528 40 0.5
528 144 0.5
529 40 0.5
529 143 0.5
530 143 0.5
530 34 0.5
531 155 0.5
531 145 0.5
532 155 0.5
532 144 0.5
533 144 0.5
533 145 0.5
534 145 0.5
534 35 0.5
535 41 0.5
535 145 0.5
536 155 0.5
536 41 0.5
537 40 0.5
537 155 0.5
538 146 0.5
538 139 0.5
539 146 0.5
539 145 0.5
540 145 0.5
540 139 0.5
541 146 0.5
541 36 0.5
542 41 0.5
542 146 0.5
543 156 0.5
543 147 0.5
544 156 0.5
544 146 0.5
545 146 0.5
545 147 0.5
546 147 0.5
546 36 0.5
547 42 0.5
547 147 0.5
548 156 0.5
548 42 0.5
549 41 0.5
549 156 0.5
550 157 0.5
550 148 0.5
551 157 0.5
551 147 0.5
552 147 0.5
552 148 0.5
553 148 0.5
553 36 0.5
554 43 0.5
554 148 0.5
555 157 0.5
555 43 0.5
556 42 0.5
556 157 0.5
557 149 0.5
557 140 0.5
558 149 0.5
558 148 0.5
559 148 0.5
559 140 0.5
560 149 0.5
560 37 0.5
561 43 0.5
561 149 0.5
562 158 0.5
562 150 0.5
563 158 0.5
563 149 0.5
564 149 0.5
564 150 0.5
565 150 0.5
565 37 0.5
566 44 0.5
566 150 0.5
567 158 0.5
567 44 0.5
568 43 0.5
568 158 0.5
569 151 0.5
569 141 0.5
570 151 0.5
570 150 0.5
571 150 0.5
571 141 0.5
572 151 0.5
572 38 0.5
573 44 0.5
573 151 0.5
574 159 0.5
574 152 0.5
575 159 0.5
575 151 0.5
576 151 0.5
576 152 0.5
577 152 0.5
577 38 0.5
578 45 0.5
578 152 0.5
579 159 0.5
579 45 0.5
580 44 0.5
580 159 0.5
581 153 0.5
581 142 0.5
582 153 0.5
582 152 0.5
583 152 0.5
583 142 0.5
584 153 0.5
584 39 0.5
585 45 0.5
585 153 0.5
586 160 0.5
586 154 0.5
587 160 0.5
587 153 0.5
588 153 0.5
588 154 0.5
589 39 0.5
589 154 0.5
590 154 0.5
590 46 0.5
591 160 0.5
591 46 0.5
592 45 0.5
592 160 0.5
