0 0 1.0
1 1 1.0
2 2 1.0
3 3 1.0
4 4 1.0
5 5 1.0
6 6 1.0
7 7 1.0
8 8 1.0
9 9 1.0
10 10 1.0
11 11 1.0
12 12 1.0
13 13 1.0
14 14 1.0
15 15 1.0
16 16 1.0
17 17 1.0
18 18 1.0
19 19 1.0
20 20 1.0
21 21 1.0
22 22 1.0
23 23 1.0
24 24 1.0
25 25 1.0
26 26 1.0
27 27 1.0
28 28 1.0
29 29 1.0
30 30 1.0
31 31 1.0
32 32 1.0
33 33 1.0
34 34 1.0
35 35 1.0
36 36 1.0
37 37 1.0
38 38 1.0
39 39 1.0
40 40 1.0
41 41 1.0
42 42 1.0
43 43 1.0
44 44 1.0
45 45 1.0
46 46 1.0
47 47 1.0
48 48 1.0
49 49 1.0
50 50 1.0
51 51 1.0
52 52 1.0
53 53 1.0
54 54 1.0
55 55 1.0
56 56 1.0
57 57 1.0
58 58 1.0
59 59 1.0
60 60 1.0
61 61 1.0
62 62 1.0
63 63 1.0
64 64 1.0
65 65 1.0
66 66 1.0
67 67 1.0
68 68 1.0
69 69 1.0
70 70 1.0
71 71 1.0
72 72 1.0
73 73 1.0
74 74 1.0
75 75 1.0
76 76 1.0
77 77 1.0
78 78 1.0
79 79 1.0
80 80 1.0
81 81 1.0
82 82 1.0
83 83 1.0
84 84 1.0
85 85 1.0
86 86 1.0
87 87 1.0
88 88 1.0
89 89 1.0
90 90 1.0
91 91 1.0
92 92 1.0
93 93 1.0
94 94 1.0
95 95 1.0
96 96 1.0
97 97 1.0
98 98 1.0
99 99 1.0
100 100 1.0
101 101 1.0
102 102 1.0
103 103 1.0
104 104 1.0
105 105 1.0
106 106 1.0
107 107 1.0
108 108 1.0
109 109 1.0
110 110 1.0
111 111 1.0
112 112 1.0
113 113 1.0
114 114 1.0
115 115 1.0
116 116 1.0
117 117 1.0
118 118 1.0
119 119 1.0
120 120 1.0
121 121 1.0
122 122 1.0
123 123 1.0
124 124 1.0
125 125 1.0
126 126 1.0
127 127 1.0
128 128 1.0
129 129 1.0
130 130 1.0
131 131 1.0
132 132 1.0
133 133 1.0
134 134 1.0
135 135 1.0
136 136 1.0
137 137 1.0
138 138 1.0
139 139 1.0
140 140 1.0
141 141 1.0
142 142 1.0
143 143 1.0
144 144 1.0
145 145 1.0
146 146 1.0
147 147 1.0
148 148 1.0
149 149 1.0
150 150 1.0
151 151 1.0
152 152 1.0
153 153 1.0
154 154 1.0
155 155 1.0
156 156 1.0
157 157 1.0
158 158 1.0
159 159 1.0
160 160 1.0
161 161 1.0
162 162 1.0
163 163 1.0
164 164 1.0
165 165 1.0
166 166 1.0
167 167 1.0
168 168 1.0
169 169 1.0
170 170 1.0
171 171 1.0
172 172 1.0
173 173 1.0
174 174 1.0
175 175 1.0
176 176 1.0
177 177 1.0
178 178 1.0
179 179 1.0
180 180 1.0
181 181 1.0
182 182 1.0
183 183 1.0
184 184 1.0
185 185 1.0
186 186 1.0
187 187 1.0
188 188 1.0
189 189 1.0
190 190 1.0
191 191 1.0
192 192 1.0
193 193 1.0
194 194 1.0
195 195 1.0
196 196 1.0
197 197 1.0
198 198 1.0
199 199 1.0
200 200 1.0
201 201 1.0
202 202 1.0
203 203 1.0
204 204 1.0
205 205 1.0
206 206 1.0
207 207 1.0
208 208 1.0
209 209 1.0
210 210 1.0
211 211 1.0
212 212 1.0
213 213 1.0
214 214 1.0
215 215 1.0
216 216 1.0
217 217 1.0
218 218 1.0
219 219 1.0
220 220 1.0
221 221 1.0
222 222 1.0
223 223 1.0
224 224 1.0
225 225 1.0
226 226 1.0
227 227 1.0
228 228 1.0
229 229 1.0
230 230 1.0
231 231 1.0
232 232 1.0
233 233 1.0
234 234 1.0
235 235 1.0
236 236 1.0
237 237 1.0
238 238 1.0
239 239 1.0
240 240 1.0
241 241 1.0
242 242 1.0
243 243 1.0
244 244 1.0
245 245 1.0
246 246 1.0
247 247 1.0
248 248 1.0
249 249 1.0
250 250 1.0
251 251 1.0
252 252 1.0
253 253 1.0
254 254 1.0
255 255 1.0
256 256 1.0
257 257 1.0
258 258 1.0
259 259 1.0
260 260 1.0
261 261 1.0
262 262 1.0
263 263 1.0
264 264 1.0
265 265 1.0
266 266 1.0
267 267 1.0
268 268 1.0
269 269 1.0
270 270 1.0
271 271 1.0
272 272 1.0
273 273 1.0
274 274 1.0
275 275 1.0
276 276 1.0
277 277 1.0
278 278 1.0
279 279 1.0
280 280 1.0
281 281 1.0
282 282 1.0
283 283 1.0
284 284 1.0
285 285 1.0
286 286 1.0
287 287 1.0
288 288 1.0
289 289 1.0
290 290 1.0
291 291 1.0
292 292 1.0
293 293 1.0
294 294 1.0
295 295 1.0
296 296 1.0
297 297 1.0
298 298 1.0
299 299 1.0
300 300 1.0
301 301 1.0
302 302 1.0
303 303 1.0
304 304 1.0
305 305 1.0
306 306 1.0
307 307 1.0
308 308 1.0
309 309 1.0
310 310 1.0
311 311 1.0
312 312 1.0
313 313 1.0
314 314 1.0
315 315 1.0
316 316 1.0
317 317 1.0
318 318 1.0
319 319 1.0
320 320 1.0
321 321 1.0
322 322 1.0
323 323 1.0
324 324 1.0
325 325 1.0
326 326 1.0
327 327 1.0
328 328 1.0
329 329 1.0
330 330 1.0
331 331 1.0
332 332 1.0
333 333 1.0
334 334 1.0
335 335 1.0
336 336 1.0
337 337 1.0
338 338 1.0
339 339 1.0
340 340 1.0
341 341 1.0
342 342 1.0
343 343 1.0
344 344 1.0
345 345 1.0
346 346 1.0
347 347 1.0
348 348 1.0
349 349 1.0
350 350 1.0
351 351 1.0
352 352 1.0
353 353 1.0
354 354 1.0
355 355 1.0
356 356 1.0
357 357 1.0
358 358 1.0
359 359 1.0
360 360 1.0
361 361 1.0
362 362 1.0
363 363 1.0
364 364 1.0
365 365 1.0
366 366 1.0
367 367 1.0
368 368 1.0
369 369 1.0
370 370 1.0
371 371 1.0
372 372 1.0
373 373 1.0
374 374 1.0
375 375 1.0
376 376 1.0
377 377 1.0
378 378 1.0
379 379 1.0
380 380 1.0
381 381 1.0
382 382 1.0
383 383 1.0
384 384 1.0
385 385 1.0
386 386 1.0
387 387 1.0
388 388 1.0
389 389 1.0
390 390 1.0
391 391 1.0
392 392 1.0
393 393 1.0
394 394 1.0
395 395 1.0
396 396 1.0
397 397 1.0
398 398 1.0
399 399 1.0
400 400 1.0
401 401 1.0
402 402 1.0
403 403 1.0
404 404 1.0
405 405 1.0
406 406 1.0
407 407 1.0
408 408 1.0
409 409 1.0
410 410 1.0
411 411 1.0
412 412 1.0
413 413 1.0
414 414 1.0
415 415 1.0
416 416 1.0
417 417 1.0
418 418 1.0
419 419 1.0
420 420 1.0
421 421 1.0
422 422 1.0
423 423 1.0
424 424 1.0
425 425 1.0
426 426 1.0
427 427 1.0
428 428 1.0
429 429 1.0
430 430 1.0
431 431 1.0
432 432 1.0
433 433 1.0
434 434 1.0
435 435 1.0
436 436 1.0
437 437 1.0
438 438 1.0
439 439 1.0
440 440 1.0
441 441 1.0
442 442 1.0
443 443 1.0
444 444 1.0
445 445 1.0
446 446 1.0
447 447 1.0
448 448 1.0
449 449 1.0
450 450 1.0
451 451 1.0
452 452 1.0
453 453 1.0
454 454 1.0
455 455 1.0
456 456 1.0
457 457 1.0
458 458 1.0
459 459 1.0
460 460 1.0
461 461 1.0
462 462 1.0
463 463 1.0
464 464 1.0
465 465 1.0
466 466 1.0
467 467 1.0
468 468 1.0
469 469 1.0
470 470 1.0
471 471 1.0
472 472 1.0
473 473 1.0
474 474 1.0
475 475 1.0
476 476 1.0
477 477 1.0
478 478 1.0
479 479 1.0
480 480 1.0
481 481 1.0
482 482 1.0
483 483 1.0
484 484 1.0
485 485 1.0
486 486 1.0
487 487 1.0
488 488 1.0
489 489 1.0
490 490 1.0
491 491 1.0
492 492 1.0
493 493 1.0
494 494 1.0
495 495 1.0
496 496 1.0
497 497 1.0
498 498 1.0
499 499 1.0
500 500 1.0
501 501 1.0
502 502 1.0
503 503 1.0
504 504 1.0
505 505 1.0
506 506 1.0
507 507 1.0
508 508 1.0
509 509 1.0
510 510 1.0
511 511 1.0
512 512 1.0
513 513 1.0
514 514 1.0
515 515 1.0
516 516 1.0
517 517 1.0
518 518 1.0
519 519 1.0
520 520 1.0
521 521 1.0
522 522 1.0
523 523 1.0
524 524 1.0
525 525 1.0
526 526 1.0
527 527 1.0
528 528 1.0
529 529 1.0
530 530 1.0
531 531 1.0
532 532 1.0
533 533 1.0
534 534 1.0
535 535 1.0
536 536 1.0
537 537 1.0
538 538 1.0
539 539 1.0
540 540 1.0
541 541 1.0
542 542 1.0
543 543 1.0
544 544 1.0
545 545 1.0
546 546 1.0
547 547 1.0
548 548 1.0
549 549 1.0
550 550 1.0
551 551 1.0
552 552 1.0
553 553 1.0
554 554 1.0
555 555 1.0
556 556 1.0
557 557 1.0
558 558 1.0
559 559 1.0
560 560 1.0
561 561 1.0
562 562 1.0
563 563 1.0
564 564 1.0
565 565 1.0
566 566 1.0
567 567 1.0
568 568 1.0
569 569 1.0
570 570 1.0
571 571 1.0
572 572 1.0
573 573 1.0
574 574 1.0
575 575 1.0
576 576 1.0
577 577 1.0
578 578 1.0
579 579 1.0
580 580 1.0
581 581 1.0
582 582 1.0
583 583 1.0
584 584 1.0
585 585 1.0
586 586 1.0
587 587 1.0
588 588 1.0
589 589 1.0
590 590 1.0
591 591 1.0
592 592 1.0
593 161 0.5
593 162 0.5
594 161 0.5
594 163 0.5
595 163 0.5
595 162 0.5
596 162 0.5
596 53 0.5
597 66 0.5
597 162 0.5
598 161 0.5
598 66 0.5
599 54 0.5
599 161 0.5
600 54 0.5
600 163 0.5
601 163 0.5
601 53 0.5
602 164 0.5
602 163 0.5
603 164 0.5
603 169 0.5
604 169 0.5
604 163 0.5
605 164 0.5
605 54 0.5
606 0 0.5
606 164 0.5
607 0 0.5
607 169 0.5
608 169 0.5
608 53 0.5
609 165 0.5
609 166 0.5
610 165 0.5
610 161 0.5
611 161 0.5
611 166 0.5
612 166 0.5
612 66 0.5
613 8 0.5
613 166 0.5
614 8 0.5
614 165 0.5
615 165 0.5
615 54 0.5
616 162 0.5
616 168 0.5
617 162 0.5
617 167 0.5
618 167 0.5
618 168 0.5
619 7 0.5
619 168 0.5
620 168 0.5
620 53 0.5
621 66 0.5
621 167 0.5
622 167 0.5
622 7 0.5
623 170 0.5
623 171 0.5
624 170 0.5
624 172 0.5
625 172 0.5
625 171 0.5
626 171 0.5
626 54 0.5
627 55 0.5
627 171 0.5
628 170 0.5
628 55 0.5
629 47 0.5
629 170 0.5
630 47 0.5
630 172 0.5
631 172 0.5
631 54 0.5
632 173 0.5
632 172 0.5
633 173 0.5
633 164 0.5
634 164 0.5
634 172 0.5
635 173 0.5
635 47 0.5
636 0 0.5
636 173 0.5
637 174 0.5
637 175 0.5
638 174 0.5
638 170 0.5
639 170 0.5
639 175 0.5
640 175 0.5
640 55 0.5
641 1 0.5
641 175 0.5
642 174 0.5
642 1 0.5
643 47 0.5
643 174 0.5
644 171 0.5
644 165 0.5
645 171 0.5
645 176 0.5
646 176 0.5
646 165 0.5
647 55 0.5
647 176 0.5
648 176 0.5
648 8 0.5
649 177 0.5
649 178 0.5
650 177 0.5
650 179 0.5
651 179 0.5
651 178 0.5
652 178 0.5
652 55 0.5
653 67 0.5
653 178 0.5
654 177 0.5
654 67 0.5
655 56 0.5
655 177 0.5
656 56 0.5
656 179 0.5
657 179 0.5
657 55 0.5
658 180 0.5
658 179 0.5
659 180 0.5
659 175 0.5
660 175 0.5
660 179 0.5
661 180 0.5
661 56 0.5
662 1 0.5
662 180 0.5
663 181 0.5
663 182 0.5
664 181 0.5
664 177 0.5
665 177 0.5
665 182 0.5
666 182 0.5
666 67 0.5
667 9 0.5
667 182 0.5
668 9 0.5
668 181 0.5
669 181 0.5
669 56 0.5
670 178 0.5
670 176 0.5
671 178 0.5
671 183 0.5
672 183 0.5
672 176 0.5
673 67 0.5
673 183 0.5
674 183 0.5
674 8 0.5
675 184 0.5
675 185 0.5
676 184 0.5
676 186 0.5
677 186 0.5
677 185 0.5
678 185 0.5
678 56 0.5
679 57 0.5
679 185 0.5
680 184 0.5
680 57 0.5
681 48 0.5
681 184 0.5
682 48 0.5
682 186 0.5
683 186 0.5
683 56 0.5
684 187 0.5
684 186 0.5
685 187 0.5
685 180 0.5
686 180 0.5
686 186 0.5
687 187 0.5
687 48 0.5
688 1 0.5
688 187 0.5
689 188 0.5
689 189 0.5
690 188 0.5
690 184 0.5
691 184 0.5
691 189 0.5
692 189 0.5
692 57 0.5
693 2 0.5
693 189 0.5
694 188 0.5
694 2 0.5
695 48 0.5
695 188 0.5
696 185 0.5
696 181 0.5
697 185 0.5
697 190 0.5
698 190 0.5
698 181 0.5
699 57 0.5
699 190 0.5
700 190 0.5
700 9 0.5
701 191 0.5
701 192 0.5
702 191 0.5
702 193 0.5
703 193 0.5
703 192 0.5
704 192 0.5
704 57 0.5
705 68 0.5
705 192 0.5
706 191 0.5
706 68 0.5
707 58 0.5
707 191 0.5
708 58 0.5
708 193 0.5
709 193 0.5
709 57 0.5
710 194 0.5
710 193 0.5
711 194 0.5
711 189 0.5
712 189 0.5
712 193 0.5
713 194 0.5
713 58 0.5
714 2 0.5
714 194 0.5
715 195 0.5
715 196 0.5
716 195 0.5
716 191 0.5
717 191 0.5
717 196 0.5
718 196 0.5
718 68 0.5
719 10 0.5
719 196 0.5
720 10 0.5
720 195 0.5
721 195 0.5
721 58 0.5
722 192 0.5
722 190 0.5
723 192 0.5
723 197 0.5
724 197 0.5
724 190 0.5
725 68 0.5
725 197 0.5
726 197 0.5
726 9 0.5
727 198 0.5
727 199 0.5
728 198 0.5
728 200 0.5
729 200 0.5
729 199 0.5
730 199 0.5
730 58 0.5
731 59 0.5
731 199 0.5
732 198 0.5
732 59 0.5
733 49 0.5
733 198 0.5
734 49 0.5
734 200 0.5
735 200 0.5
735 58 0.5
736 201 0.5
736 200 0.5
737 201 0.5
737 194 0.5
738 194 0.5
738 200 0.5
739 201 0.5
739 49 0.5
740 2 0.5
740 201 0.5
741 202 0.5
741 203 0.5
742 202 0.5
742 198 0.5
743 198 0.5
743 203 0.5
744 203 0.5
744 59 0.5
745 3 0.5
745 203 0.5
746 202 0.5
746 3 0.5
747 49 0.5
747 202 0.5
748 199 0.5
748 195 0.5
749 199 0.5
749 204 0.5
750 204 0.5
750 195 0.5
751 59 0.5
751 204 0.5
752 204 0.5
752 10 0.5
753 205 0.5
753 206 0.5
754 205 0.5
754 207 0.5
755 207 0.5
755 206 0.5
756 206 0.5
756 59 0.5
757 60 0.5
757 206 0.5
758 205 0.5
758 60 0.5
759 50 0.5
759 205 0.5
760 50 0.5
760 207 0.5
761 207 0.5
761 59 0.5
762 208 0.5
762 207 0.5
763 208 0.5
763 203 0.5
764 203 0.5
764 207 0.5
765 208 0.5
765 50 0.5
766 3 0.5
766 208 0.5
767 209 0.5
767 210 0.5
768 209 0.5
768 205 0.5
769 205 0.5
769 210 0.5
770 210 0.5
770 60 0.5
771 4 0.5
771 210 0.5
772 209 0.5
772 4 0.5
773 50 0.5
773 209 0.5
774 206 0.5
774 204 0.5
775 206 0.5
775 211 0.5
776 211 0.5
776 204 0.5
777 60 0.5
777 211 0.5
778 211 0.5
778 10 0.5
779 212 0.5
779 213 0.5
780 212 0.5
780 214 0.5
781 214 0.5
781 213 0.5
782 213 0.5
782 60 0.5
783 69 0.5
783 213 0.5
784 212 0.5
784 69 0.5
785 61 0.5
785 212 0.5
786 61 0.5
786 214 0.5
787 214 0.5
787 60 0.5
788 215 0.5
788 214 0.5
789 215 0.5
789 210 0.5
790 210 0.5
790 214 0.5
791 215 0.5
791 61 0.5
792 4 0.5
792 215 0.5
793 216 0.5
793 217 0.5
794 216 0.5
794 212 0.5
795 212 0.5
795 217 0.5
796 217 0.5
796 69 0.5
797 11 0.5
797 217 0.5
798 11 0.5
798 216 0.5
799 216 0.5
799 61 0.5
800 213 0.5
800 211 0.5
801 213 0.5
801 218 0.5
802 218 0.5
802 211 0.5
803 69 0.5
803 218 0.5
804 218 0.5
804 10 0.5
805 219 0.5
805 220 0.5
806 219 0.5
806 221 0.5
807 221 0.5
807 220 0.5
808 220 0.5
808 61 0.5
809 62 0.5
809 220 0.5
810 219 0.5
810 62 0.5
811 51 0.5
811 219 0.5
812 51 0.5
812 221 0.5
813 221 0.5
813 61 0.5
814 222 0.5
814 221 0.5
815 222 0.5
815 215 0.5
816 215 0.5
816 221 0.5
817 222 0.5
817 51 0.5
818 4 0.5
818 222 0.5
819 223 0.5
819 224 0.5
820 223 0.5
820 219 0.5
821 219 0.5
821 224 0.5
822 224 0.5
822 62 0.5
823 5 0.5
823 224 0.5
824 223 0.5
824 5 0.5
825 51 0.5
825 223 0.5
826 220 0.5
826 216 0.5
827 220 0.5
827 225 0.5
828 225 0.5
828 216 0.5
829 62 0.5
829 225 0.5
830 225 0.5
830 11 0.5
831 226 0.5
831 227 0.5
832 226 0.5
832 228 0.5
833 228 0.5
833 227 0.5
834 227 0.5
834 62 0.5
835 70 0.5
835 227 0.5
836 226 0.5
836 70 0.5
837 63 0.5
837 226 0.5
838 63 0.5
838 228 0.5
839 228 0.5
839 62 0.5
840 229 0.5
840 228 0.5
841 229 0.5
841 224 0.5
842 224 0.5
842 228 0.5
843 229 0.5
843 63 0.5
844 5 0.5
844 229 0.5
845 230 0.5
845 231 0.5
846 230 0.5
846 226 0.5
847 226 0.5
847 231 0.5
848 231 0.5
848 70 0.5
849 12 0.5
849 231 0.5
850 12 0.5
850 230 0.5
851 230 0.5
851 63 0.5
852 227 0.5
852 225 0.5
853 227 0.5
853 232 0.5
854 232 0.5
854 225 0.5
855 70 0.5
855 232 0.5
856 232 0.5
856 11 0.5
857 233 0.5
857 234 0.5
858 233 0.5
858 235 0.5
859 235 0.5
859 234 0.5
860 234 0.5
860 63 0.5
861 64 0.5
861 234 0.5
862 233 0.5
862 64 0.5
863 52 0.5
863 233 0.5
864 52 0.5
864 235 0.5
865 235 0.5
865 63 0.5
866 236 0.5
866 235 0.5
867 236 0.5
867 229 0.5
868 229 0.5
868 235 0.5
869 236 0.5
869 52 0.5
870 5 0.5
870 236 0.5
871 237 0.5
871 238 0.5
872 237 0.5
872 233 0.5
873 233 0.5
873 238 0.5
874 238 0.5
874 64 0.5
875 6 0.5
875 238 0.5
876 237 0.5
876 6 0.5
877 52 0.5
877 237 0.5
878 234 0.5
878 230 0.5
879 234 0.5
879 239 0.5
880 239 0.5
880 230 0.5
881 64 0.5
881 239 0.5
882 239 0.5
882 12 0.5
883 240 0.5
883 241 0.5
884 240 0.5
884 242 0.5
885 242 0.5
885 241 0.5
886 241 0.5
886 64 0.5
887 71 0.5
887 241 0.5
888 240 0.5
888 71 0.5
889 65 0.5
889 240 0.5
890 65 0.5
890 242 0.5
891 242 0.5
891 64 0.5
892 243 0.5
892 242 0.5
893 243 0.5
893 238 0.5
894 238 0.5
894 242 0.5
895 243 0.5
895 65 0.5
896 6 0.5
896 243 0.5
897 244 0.5
897 245 0.5
898 244 0.5
898 240 0.5
899 240 0.5
899 245 0.5
900 245 0.5
900 71 0.5
901 13 0.5
901 245 0.5
902 244 0.5
902 13 0.5
903 65 0.5
903 244 0.5
904 241 0.5
904 239 0.5
905 241 0.5
905 246 0.5
906 246 0.5
906 239 0.5
907 71 0.5
907 246 0.5
908 246 0.5
908 12 0.5
909 247 0.5
909 248 0.5
910 247 0.5
910 249 0.5
911 249 0.5
911 248 0.5
912 248 0.5
912 73 0.5
913 74 0.5
913 248 0.5
914 74 0.5
914 247 0.5
915 247 0.5
915 66 0.5
916 66 0.5
916 249 0.5
917 249 0.5
917 73 0.5
918 167 0.5
918 253 0.5
919 167 0.5
919 249 0.5
920 249 0.5
920 253 0.5
921 73 0.5
921 253 0.5
922 253 0.5
922 7 0.5
923 166 0.5
923 247 0.5
924 166 0.5
924 250 0.5
925 250 0.5
925 247 0.5
926 8 0.5
926 250 0.5
927 250 0.5
927 74 0.5
928 248 0.5
928 252 0.5
929 248 0.5
929 251 0.5
930 251 0.5
930 252 0.5
931 15 0.5
931 252 0.5
932 252 0.5
932 73 0.5
933 74 0.5
933 251 0.5
934 251 0.5
934 15 0.5
935 254 0.5
935 255 0.5
936 254 0.5
936 256 0.5
937 256 0.5
937 255 0.5
938 255 0.5
938 74 0.5
939 75 0.5
939 255 0.5
940 75 0.5
940 254 0.5
941 254 0.5
941 67 0.5
942 67 0.5
942 256 0.5
943 256 0.5
943 74 0.5
944 183 0.5
944 250 0.5
945 183 0.5
945 256 0.5
946 256 0.5
946 250 0.5
947 182 0.5
947 254 0.5
948 182 0.5
948 257 0.5
949 257 0.5
949 254 0.5
950 9 0.5
950 257 0.5
951 257 0.5
951 75 0.5
952 255 0.5
952 251 0.5
953 255 0.5
953 258 0.5
954 258 0.5
954 251 0.5
955 75 0.5
955 258 0.5
956 258 0.5
956 15 0.5
957 259 0.5
957 260 0.5
958 259 0.5
958 261 0.5
959 261 0.5
959 260 0.5
960 260 0.5
960 75 0.5
961 86 0.5
961 260 0.5
962 259 0.5
962 86 0.5
963 76 0.5
963 259 0.5
964 76 0.5
964 261 0.5
965 261 0.5
965 75 0.5
966 262 0.5
966 261 0.5
967 262 0.5
967 257 0.5
968 257 0.5
968 261 0.5
969 76 0.5
969 262 0.5
970 262 0.5
970 9 0.5
971 263 0.5
971 264 0.5
972 263 0.5
972 259 0.5
973 259 0.5
973 264 0.5
974 264 0.5
974 86 0.5
975 16 0.5
975 264 0.5
976 16 0.5
976 263 0.5
977 263 0.5
977 76 0.5
978 260 0.5
978 258 0.5
979 260 0.5
979 265 0.5
980 265 0.5
980 258 0.5
981 86 0.5
981 265 0.5
982 265 0.5
982 15 0.5
983 266 0.5
983 267 0.5
984 266 0.5
984 268 0.5
985 268 0.5
985 267 0.5
986 267 0.5
986 76 0.5
987 77 0.5
987 267 0.5
988 77 0.5
988 266 0.5
989 266 0.5
989 68 0.5
990 68 0.5
990 268 0.5
991 268 0.5
991 76 0.5
992 197 0.5
992 262 0.5
993 197 0.5
993 268 0.5
994 268 0.5
994 262 0.5
995 196 0.5
995 266 0.5
996 196 0.5
996 269 0.5
997 269 0.5
997 266 0.5
998 10 0.5
998 269 0.5
999 269 0.5
999 77 0.5
1000 267 0.5
1000 263 0.5
1001 267 0.5
1001 270 0.5
1002 270 0.5
1002 263 0.5
1003 77 0.5
1003 270 0.5
1004 270 0.5
1004 16 0.5
1005 271 0.5
1005 272 0.5
1006 271 0.5
1006 273 0.5
1007 273 0.5
1007 272 0.5
1008 272 0.5
1008 77 0.5
1009 87 0.5
1009 272 0.5
1010 271 0.5
1010 87 0.5
1011 78 0.5
1011 271 0.5
1012 78 0.5
1012 273 0.5
1013 273 0.5
1013 77 0.5
1014 274 0.5
1014 273 0.5
1015 274 0.5
1015 269 0.5
1016 269 0.5
1016 273 0.5
1017 78 0.5
1017 274 0.5
1018 274 0.5
1018 10 0.5
1019 275 0.5
1019 276 0.5
1020 275 0.5
1020 271 0.5
1021 271 0.5
1021 276 0.5
1022 276 0.5
1022 87 0.5
1023 17 0.5
1023 276 0.5
1024 17 0.5
1024 275 0.5
1025 275 0.5
1025 78 0.5
1026 272 0.5
1026 270 0.5
1027 272 0.5
1027 277 0.5
1028 277 0.5
1028 270 0.5
1029 87 0.5
1029 277 0.5
1030 277 0.5
1030 16 0.5
1031 278 0.5
1031 279 0.5
1032 278 0.5
1032 280 0.5
1033 280 0.5
1033 279 0.5
1034 279 0.5
1034 78 0.5
1035 79 0.5
1035 279 0.5
1036 79 0.5
1036 278 0.5
1037 278 0.5
1037 69 0.5
1038 69 0.5
1038 280 0.5
1039 280 0.5
1039 78 0.5
1040 218 0.5
1040 274 0.5
1041 218 0.5
1041 280 0.5
1042 280 0.5
1042 274 0.5
1043 217 0.5
1043 278 0.5
1044 217 0.5
1044 281 0.5
1045 281 0.5
1045 278 0.5
1046 11 0.5
1046 281 0.5
1047 281 0.5
1047 79 0.5
1048 279 0.5
1048 275 0.5
1049 279 0.5
1049 282 0.5
1050 282 0.5
1050 275 0.5
1051 79 0.5
1051 282 0.5
1052 282 0.5
1052 17 0.5
1053 283 0.5
1053 284 0.5
1054 283 0.5
1054 285 0.5
1055 285 0.5
1055 284 0.5
1056 284 0.5
1056 79 0.5
1057 88 0.5
1057 284 0.5
1058 283 0.5
1058 88 0.5
1059 80 0.5
1059 283 0.5
1060 80 0.5
1060 285 0.5
1061 285 0.5
1061 79 0.5
1062 286 0.5
1062 285 0.5
1063 286 0.5
1063 281 0.5
1064 281 0.5
1064 285 0.5
1065 80 0.5
1065 286 0.5
1066 286 0.5
1066 11 0.5
1067 287 0.5
1067 288 0.5
1068 287 0.5
1068 283 0.5
1069 283 0.5
1069 288 0.5
1070 288 0.5
1070 88 0.5
1071 18 0.5
1071 288 0.5
1072 18 0.5
1072 287 0.5
1073 287 0.5
1073 80 0.5
1074 284 0.5
1074 282 0.5
1075 284 0.5
1075 289 0.5
1076 289 0.5
1076 282 0.5
1077 88 0.5
1077 289 0.5
1078 289 0.5
1078 17 0.5
1079 290 0.5
1079 291 0.5
1080 290 0.5
1080 292 0.5
1081 292 0.5
1081 291 0.5
1082 291 0.5
1082 80 0.5
1083 81 0.5
1083 291 0.5
1084 81 0.5
1084 290 0.5
1085 290 0.5
1085 70 0.5
1086 70 0.5
1086 292 0.5
1087 292 0.5
1087 80 0.5
1088 232 0.5
1088 286 0.5
1089 232 0.5
1089 292 0.5
1090 292 0.5
1090 286 0.5
1091 231 0.5
1091 290 0.5
1092 231 0.5
1092 293 0.5
1093 293 0.5
1093 290 0.5
1094 12 0.5
1094 293 0.5
1095 293 0.5
1095 81 0.5
1096 291 0.5
1096 287 0.5
1097 291 0.5
1097 294 0.5
1098 294 0.5
1098 287 0.5
1099 81 0.5
1099 294 0.5
1100 294 0.5
1100 18 0.5
1101 295 0.5
1101 296 0.5
1102 295 0.5
1102 297 0.5
1103 297 0.5
1103 296 0.5
1104 296 0.5
1104 81 0.5
1105 89 0.5
1105 296 0.5
1106 295 0.5
1106 89 0.5
1107 82 0.5
1107 295 0.5
1108 82 0.5
1108 297 0.5
1109 297 0.5
1109 81 0.5
1110 298 0.5
1110 297 0.5
1111 298 0.5
1111 293 0.5
1112 293 0.5
1112 297 0.5
1113 82 0.5
1113 298 0.5
1114 298 0.5
1114 12 0.5
1115 299 0.5
1115 300 0.5
1116 299 0.5
1116 295 0.5
1117 295 0.5
1117 300 0.5
1118 300 0.5
1118 89 0.5
1119 19 0.5
1119 300 0.5
1120 19 0.5
1120 299 0.5
1121 299 0.5
1121 82 0.5
1122 296 0.5
1122 294 0.5
1123 296 0.5
1123 301 0.5
1124 301 0.5
1124 294 0.5
1125 89 0.5
1125 301 0.5
1126 301 0.5
1126 18 0.5
1127 302 0.5
1127 303 0.5
1128 302 0.5
1128 304 0.5
1129 304 0.5
1129 303 0.5
1130 303 0.5
1130 82 0.5
1131 83 0.5
1131 303 0.5
1132 83 0.5
1132 302 0.5
1133 302 0.5
1133 71 0.5
1134 71 0.5
1134 304 0.5
1135 304 0.5
1135 82 0.5
1136 246 0.5
1136 298 0.5
1137 246 0.5
1137 304 0.5
1138 304 0.5
1138 298 0.5
1139 245 0.5
1139 302 0.5
1140 245 0.5
1140 305 0.5
1141 305 0.5
1141 302 0.5
1142 13 0.5
1142 305 0.5
1143 305 0.5
1143 83 0.5
1144 303 0.5
1144 299 0.5
1145 303 0.5
1145 306 0.5
1146 306 0.5
1146 299 0.5
1147 83 0.5
1147 306 0.5
1148 306 0.5
1148 19 0.5
1149 307 0.5
1149 308 0.5
1150 307 0.5
1150 309 0.5
1151 309 0.5
1151 308 0.5
1152 308 0.5
1152 83 0.5
1153 90 0.5
1153 308 0.5
1154 307 0.5
1154 90 0.5
1155 84 0.5
1155 307 0.5
1156 84 0.5
1156 309 0.5
1157 309 0.5
1157 83 0.5
1158 310 0.5
1158 309 0.5
1159 310 0.5
1159 305 0.5
1160 305 0.5
1160 309 0.5
1161 310 0.5
1161 84 0.5
1162 13 0.5
1162 310 0.5
1163 311 0.5
1163 312 0.5
1164 311 0.5
1164 307 0.5
1165 307 0.5
1165 312 0.5
1166 312 0.5
1166 90 0.5
1167 20 0.5
1167 312 0.5
1168 311 0.5
1168 20 0.5
1169 84 0.5
1169 311 0.5
1170 308 0.5
1170 306 0.5
1171 308 0.5
1171 313 0.5
1172 313 0.5
1172 306 0.5
1173 90 0.5
1173 313 0.5
1174 313 0.5
1174 19 0.5
1175 314 0.5
1175 315 0.5
1176 314 0.5
1176 316 0.5
1177 316 0.5
1177 315 0.5
1178 315 0.5
1178 72 0.5
1179 85 0.5
1179 315 0.5
1180 85 0.5
1180 314 0.5
1181 314 0.5
1181 73 0.5
1182 73 0.5
1182 316 0.5
1183 316 0.5
1183 72 0.5
1184 253 0.5
1184 320 0.5
1185 253 0.5
1185 316 0.5
1186 316 0.5
1186 320 0.5
1187 72 0.5
1187 320 0.5
1188 320 0.5
1188 7 0.5
1189 252 0.5
1189 314 0.5
1190 252 0.5
1190 317 0.5
1191 317 0.5
1191 314 0.5
1192 15 0.5
1192 317 0.5
1193 317 0.5
1193 85 0.5
1194 315 0.5
1194 319 0.5
1195 315 0.5
1195 318 0.5
1196 318 0.5
1196 319 0.5
1197 14 0.5
1197 319 0.5
1198 319 0.5
1198 72 0.5
1199 85 0.5
1199 318 0.5
1200 318 0.5
1200 14 0.5
1201 321 0.5
1201 322 0.5
1202 321 0.5
1202 323 0.5
1203 323 0.5
1203 322 0.5
1204 322 0.5
1204 92 0.5
1205 93 0.5
1205 322 0.5
1206 93 0.5
1206 321 0.5
1207 321 0.5
1207 85 0.5
1208 85 0.5
1208 323 0.5
1209 323 0.5
1209 92 0.5
1210 318 0.5
1210 327 0.5
1211 318 0.5
1211 323 0.5
1212 323 0.5
1212 327 0.5
1213 92 0.5
1213 327 0.5
1214 327 0.5
1214 14 0.5
1215 317 0.5
1215 321 0.5
1216 317 0.5
1216 324 0.5
1217 324 0.5
1217 321 0.5
1218 15 0.5
1218 324 0.5
1219 324 0.5
1219 93 0.5
1220 322 0.5
1220 326 0.5
1221 322 0.5
1221 325 0.5
1222 325 0.5
1222 326 0.5
1223 22 0.5
1223 326 0.5
1224 326 0.5
1224 92 0.5
1225 93 0.5
1225 325 0.5
1226 325 0.5
1226 22 0.5
1227 328 0.5
1227 329 0.5
1228 328 0.5
1228 330 0.5
1229 330 0.5
1229 329 0.5
1230 329 0.5
1230 93 0.5
1231 105 0.5
1231 329 0.5
1232 328 0.5
1232 105 0.5
1233 94 0.5
1233 328 0.5
1234 94 0.5
1234 330 0.5
1235 330 0.5
1235 93 0.5
1236 331 0.5
1236 330 0.5
1237 331 0.5
1237 324 0.5
1238 324 0.5
1238 330 0.5
1239 94 0.5
1239 331 0.5
1240 331 0.5
1240 15 0.5
1241 332 0.5
1241 333 0.5
1242 332 0.5
1242 328 0.5
1243 328 0.5
1243 333 0.5
1244 333 0.5
1244 105 0.5
1245 23 0.5
1245 333 0.5
1246 23 0.5
1246 332 0.5
1247 332 0.5
1247 94 0.5
1248 329 0.5
1248 325 0.5
1249 329 0.5
1249 334 0.5
1250 334 0.5
1250 325 0.5
1251 105 0.5
1251 334 0.5
1252 334 0.5
1252 22 0.5
1253 335 0.5
1253 336 0.5
1254 335 0.5
1254 337 0.5
1255 337 0.5
1255 336 0.5
1256 336 0.5
1256 94 0.5
1257 95 0.5
1257 336 0.5
1258 95 0.5
1258 335 0.5
1259 335 0.5
1259 86 0.5
1260 86 0.5
1260 337 0.5
1261 337 0.5
1261 94 0.5
1262 265 0.5
1262 331 0.5
1263 265 0.5
1263 337 0.5
1264 337 0.5
1264 331 0.5
1265 264 0.5
1265 335 0.5
1266 264 0.5
1266 338 0.5
1267 338 0.5
1267 335 0.5
1268 16 0.5
1268 338 0.5
1269 338 0.5
1269 95 0.5
1270 336 0.5
1270 332 0.5
1271 336 0.5
1271 339 0.5
1272 339 0.5
1272 332 0.5
1273 95 0.5
1273 339 0.5
1274 339 0.5
1274 23 0.5
1275 340 0.5
1275 341 0.5
1276 340 0.5
1276 342 0.5
1277 342 0.5
1277 341 0.5
1278 341 0.5
1278 95 0.5
1279 96 0.5
1279 341 0.5
1280 96 0.5
1280 340 0.5
1281 340 0.5
1281 87 0.5
1282 87 0.5
1282 342 0.5
1283 342 0.5
1283 95 0.5
1284 277 0.5
1284 338 0.5
1285 277 0.5
1285 342 0.5
1286 342 0.5
1286 338 0.5
1287 276 0.5
1287 340 0.5
1288 276 0.5
1288 343 0.5
1289 343 0.5
1289 340 0.5
1290 17 0.5
1290 343 0.5
1291 343 0.5
1291 96 0.5
1292 341 0.5
1292 339 0.5
1293 341 0.5
1293 344 0.5
1294 344 0.5
1294 339 0.5
1295 96 0.5
1295 344 0.5
1296 344 0.5
1296 23 0.5
1297 345 0.5
1297 346 0.5
1298 345 0.5
1298 347 0.5
1299 347 0.5
1299 346 0.5
1300 346 0.5
1300 96 0.5
1301 106 0.5
1301 346 0.5
1302 345 0.5
1302 106 0.5
1303 97 0.5
1303 345 0.5
1304 97 0.5
1304 347 0.5
1305 347 0.5
1305 96 0.5
1306 348 0.5
1306 347 0.5
1307 348 0.5
1307 343 0.5
1308 343 0.5
1308 347 0.5
1309 348 0.5
1309 97 0.5
1310 17 0.5
1310 348 0.5
1311 349 0.5
1311 350 0.5
1312 349 0.5
1312 345 0.5
1313 345 0.5
1313 350 0.5
1314 350 0.5
1314 106 0.5
1315 24 0.5
1315 350 0.5
1316 24 0.5
1316 349 0.5
1317 349 0.5
1317 97 0.5
1318 346 0.5
1318 344 0.5
1319 346 0.5
1319 351 0.5
1320 351 0.5
1320 344 0.5
1321 106 0.5
1321 351 0.5
1322 351 0.5
1322 23 0.5
1323 352 0.5
1323 353 0.5
1324 352 0.5
1324 354 0.5
1325 354 0.5
1325 353 0.5
1326 353 0.5
1326 97 0.5
1327 107 0.5
1327 353 0.5
1328 352 0.5
1328 107 0.5
1329 98 0.5
1329 352 0.5
1330 98 0.5
1330 354 0.5
1331 354 0.5
1331 97 0.5
1332 355 0.5
1332 354 0.5
1333 355 0.5
1333 348 0.5
1334 348 0.5
1334 354 0.5
1335 98 0.5
1335 355 0.5
1336 355 0.5
1336 17 0.5
1337 356 0.5
1337 357 0.5
1338 356 0.5
1338 352 0.5
1339 352 0.5
1339 357 0.5
1340 357 0.5
1340 107 0.5
1341 25 0.5
1341 357 0.5
1342 25 0.5
1342 356 0.5
1343 356 0.5
1343 98 0.5
1344 353 0.5
1344 349 0.5
1345 353 0.5
1345 358 0.5
1346 358 0.5
1346 349 0.5
1347 107 0.5
1347 358 0.5
1348 358 0.5
1348 24 0.5
1349 359 0.5
1349 360 0.5
1350 359 0.5
1350 361 0.5
1351 361 0.5
1351 360 0.5
1352 360 0.5
1352 98 0.5
1353 99 0.5
1353 360 0.5
1354 99 0.5
1354 359 0.5
1355 359 0.5
1355 88 0.5
1356 88 0.5
1356 361 0.5
1357 361 0.5
1357 98 0.5
1358 289 0.5
1358 355 0.5
1359 289 0.5
1359 361 0.5
1360 361 0.5
1360 355 0.5
1361 288 0.5
1361 359 0.5
1362 288 0.5
1362 362 0.5
1363 362 0.5
1363 359 0.5
1364 18 0.5
1364 362 0.5
1365 362 0.5
1365 99 0.5
1366 360 0.5
1366 356 0.5
1367 360 0.5
1367 363 0.5
1368 363 0.5
1368 356 0.5
1369 99 0.5
1369 363 0.5
1370 363 0.5
1370 25 0.5
1371 364 0.5
1371 365 0.5
1372 364 0.5
1372 366 0.5
1373 366 0.5
1373 365 0.5
1374 365 0.5
1374 99 0.5
1375 100 0.5
1375 365 0.5
1376 100 0.5
1376 364 0.5
1377 364 0.5
1377 89 0.5
1378 89 0.5
1378 366 0.5
1379 366 0.5
1379 99 0.5
1380 301 0.5
1380 362 0.5
1381 301 0.5
1381 366 0.5
1382 366 0.5
1382 362 0.5
1383 300 0.5
1383 364 0.5
1384 300 0.5
1384 367 0.5
1385 367 0.5
1385 364 0.5
1386 19 0.5
1386 367 0.5
1387 367 0.5
1387 100 0.5
1388 365 0.5
1388 363 0.5
1389 365 0.5
1389 368 0.5
1390 368 0.5
1390 363 0.5
1391 100 0.5
1391 368 0.5
1392 368 0.5
1392 25 0.5
1393 369 0.5
1393 370 0.5
1394 369 0.5
1394 371 0.5
1395 371 0.5
1395 370 0.5
1396 370 0.5
1396 100 0.5
1397 108 0.5
1397 370 0.5
1398 369 0.5
1398 108 0.5
1399 101 0.5
1399 369 0.5
1400 101 0.5
1400 371 0.5
1401 371 0.5
1401 100 0.5
1402 372 0.5
1402 371 0.5
1403 372 0.5
1403 367 0.5
1404 367 0.5
1404 371 0.5
1405 101 0.5
1405 372 0.5
1406 372 0.5
1406 19 0.5
1407 373 0.5
1407 374 0.5
1408 373 0.5
1408 369 0.5
1409 369 0.5
1409 374 0.5
1410 374 0.5
1410 108 0.5
1411 26 0.5
1411 374 0.5
1412 26 0.5
1412 373 0.5
1413 373 0.5
1413 101 0.5
1414 370 0.5
1414 368 0.5
1415 370 0.5
1415 375 0.5
1416 375 0.5
1416 368 0.5
1417 108 0.5
1417 375 0.5
1418 375 0.5
1418 25 0.5
1419 376 0.5
1419 377 0.5
1420 376 0.5
1420 378 0.5
1421 378 0.5
1421 377 0.5
1422 377 0.5
1422 101 0.5
1423 102 0.5
1423 377 0.5
1424 102 0.5
1424 376 0.5
1425 376 0.5
1425 90 0.5
1426 90 0.5
1426 378 0.5
1427 378 0.5
1427 101 0.5
1428 313 0.5
1428 372 0.5
1429 313 0.5
1429 378 0.5
1430 378 0.5
1430 372 0.5
1431 312 0.5
1431 376 0.5
1432 312 0.5
1432 379 0.5
1433 379 0.5
1433 376 0.5
1434 20 0.5
1434 379 0.5
1435 379 0.5
1435 102 0.5
1436 377 0.5
1436 373 0.5
1437 377 0.5
1437 380 0.5
1438 380 0.5
1438 373 0.5
1439 102 0.5
1439 380 0.5
1440 380 0.5
1440 26 0.5
1441 381 0.5
1441 382 0.5
1442 381 0.5
1442 383 0.5
1443 383 0.5
1443 382 0.5
1444 382 0.5
1444 102 0.5
1445 109 0.5
1445 382 0.5
1446 381 0.5
1446 109 0.5
1447 103 0.5
1447 381 0.5
1448 103 0.5
1448 383 0.5
1449 383 0.5
1449 102 0.5
1450 384 0.5
1450 383 0.5
1451 384 0.5
1451 379 0.5
1452 379 0.5
1452 383 0.5
1453 384 0.5
1453 103 0.5
1454 20 0.5
1454 384 0.5
1455 385 0.5
1455 386 0.5
1456 385 0.5
1456 381 0.5
1457 381 0.5
1457 386 0.5
1458 386 0.5
1458 109 0.5
1459 27 0.5
1459 386 0.5
1460 385 0.5
1460 27 0.5
1461 103 0.5
1461 385 0.5
1462 382 0.5
1462 380 0.5
1463 382 0.5
1463 387 0.5
1464 387 0.5
1464 380 0.5
1465 109 0.5
1465 387 0.5
1466 387 0.5
1466 26 0.5
1467 388 0.5
1467 389 0.5
1468 388 0.5
1468 390 0.5
1469 390 0.5
1469 389 0.5
1470 389 0.5
1470 91 0.5
1471 104 0.5
1471 389 0.5
1472 104 0.5
1472 388 0.5
1473 388 0.5
1473 92 0.5
1474 92 0.5
1474 390 0.5
1475 390 0.5
1475 91 0.5
1476 327 0.5
1476 394 0.5
1477 327 0.5
1477 390 0.5
1478 390 0.5
1478 394 0.5
1479 91 0.5
1479 394 0.5
1480 394 0.5
1480 14 0.5
1481 326 0.5
1481 388 0.5
1482 326 0.5
1482 391 0.5
1483 391 0.5
1483 388 0.5
1484 22 0.5
1484 391 0.5
1485 391 0.5
1485 104 0.5
1486 389 0.5
1486 393 0.5
1487 389 0.5
1487 392 0.5
1488 392 0.5
1488 393 0.5
1489 21 0.5
1489 393 0.5
1490 393 0.5
1490 91 0.5
1491 104 0.5
1491 392 0.5
1492 392 0.5
1492 21 0.5
1493 395 0.5
1493 396 0.5
1494 395 0.5
1494 397 0.5
1495 397 0.5
1495 396 0.5
1496 396 0.5
1496 110 0.5
1497 111 0.5
1497 396 0.5
1498 111 0.5
1498 395 0.5
1499 395 0.5
1499 104 0.5
1500 104 0.5
1500 397 0.5
1501 397 0.5
1501 110 0.5
1502 392 0.5
1502 401 0.5
1503 392 0.5
1503 397 0.5
1504 397 0.5
1504 401 0.5
1505 110 0.5
1505 401 0.5
1506 401 0.5
1506 21 0.5
1507 391 0.5
1507 395 0.5
1508 391 0.5
1508 398 0.5
1509 398 0.5
1509 395 0.5
1510 22 0.5
1510 398 0.5
1511 398 0.5
1511 111 0.5
1512 396 0.5
1512 400 0.5
1513 396 0.5
1513 399 0.5
1514 399 0.5
1514 400 0.5
1515 28 0.5
1515 400 0.5
1516 400 0.5
1516 110 0.5
1517 111 0.5
1517 399 0.5
1518 399 0.5
1518 28 0.5
1519 402 0.5
1519 403 0.5
1520 402 0.5
1520 404 0.5
1521 404 0.5
1521 403 0.5
1522 403 0.5
1522 111 0.5
1523 122 0.5
1523 403 0.5
1524 402 0.5
1524 122 0.5
1525 112 0.5
1525 402 0.5
1526 112 0.5
1526 404 0.5
1527 404 0.5
1527 111 0.5
1528 405 0.5
1528 404 0.5
1529 405 0.5
1529 398 0.5
1530 398 0.5
1530 404 0.5
1531 405 0.5
1531 112 0.5
1532 22 0.5
1532 405 0.5
1533 406 0.5
1533 407 0.5
1534 406 0.5
1534 402 0.5
1535 402 0.5
1535 407 0.5
1536 407 0.5
1536 122 0.5
1537 29 0.5
1537 407 0.5
1538 29 0.5
1538 406 0.5
1539 406 0.5
1539 112 0.5
1540 403 0.5
1540 399 0.5
1541 403 0.5
1541 408 0.5
1542 408 0.5
1542 399 0.5
1543 122 0.5
1543 408 0.5
1544 408 0.5
1544 28 0.5
1545 409 0.5
1545 410 0.5
1546 409 0.5
1546 411 0.5
1547 411 0.5
1547 410 0.5
1548 410 0.5
1548 112 0.5
1549 123 0.5
1549 410 0.5
1550 409 0.5
1550 123 0.5
1551 113 0.5
1551 409 0.5
1552 113 0.5
1552 411 0.5
1553 411 0.5
1553 112 0.5
1554 412 0.5
1554 411 0.5
1555 412 0.5
1555 405 0.5
1556 405 0.5
1556 411 0.5
1557 113 0.5
1557 412 0.5
1558 412 0.5
1558 22 0.5
1559 413 0.5
1559 414 0.5
1560 413 0.5
1560 409 0.5
1561 409 0.5
1561 414 0.5
1562 414 0.5
1562 123 0.5
1563 30 0.5
1563 414 0.5
1564 30 0.5
1564 413 0.5
1565 413 0.5
1565 113 0.5
1566 410 0.5
1566 406 0.5
1567 410 0.5
1567 415 0.5
1568 415 0.5
1568 406 0.5
1569 123 0.5
1569 415 0.5
1570 415 0.5
1570 29 0.5
1571 416 0.5
1571 417 0.5
1572 416 0.5
1572 418 0.5
1573 418 0.5
1573 417 0.5
1574 417 0.5
1574 113 0.5
1575 114 0.5
1575 417 0.5
1576 114 0.5
1576 416 0.5
1577 416 0.5
1577 105 0.5
1578 105 0.5
1578 418 0.5
1579 418 0.5
1579 113 0.5
1580 334 0.5
1580 412 0.5
1581 334 0.5
1581 418 0.5
1582 418 0.5
1582 412 0.5
1583 333 0.5
1583 416 0.5
1584 333 0.5
1584 419 0.5
1585 419 0.5
1585 416 0.5
1586 23 0.5
1586 419 0.5
1587 419 0.5
1587 114 0.5
1588 417 0.5
1588 413 0.5
1589 417 0.5
1589 420 0.5
1590 420 0.5
1590 413 0.5
1591 114 0.5
1591 420 0.5
1592 420 0.5
1592 30 0.5
1593 421 0.5
1593 422 0.5
1594 421 0.5
1594 423 0.5
1595 423 0.5
1595 422 0.5
1596 422 0.5
1596 114 0.5
1597 115 0.5
1597 422 0.5
1598 115 0.5
1598 421 0.5
1599 421 0.5
1599 106 0.5
1600 106 0.5
1600 423 0.5
1601 423 0.5
1601 114 0.5
1602 351 0.5
1602 419 0.5
1603 351 0.5
1603 423 0.5
1604 423 0.5
1604 419 0.5
1605 350 0.5
1605 421 0.5
1606 350 0.5
1606 424 0.5
1607 424 0.5
1607 421 0.5
1608 24 0.5
1608 424 0.5
1609 424 0.5
1609 115 0.5
1610 422 0.5
1610 420 0.5
1611 422 0.5
1611 425 0.5
1612 425 0.5
1612 420 0.5
1613 115 0.5
1613 425 0.5
1614 425 0.5
1614 30 0.5
1615 426 0.5
1615 427 0.5
1616 426 0.5
1616 428 0.5
1617 428 0.5
1617 427 0.5
1618 427 0.5
1618 115 0.5
1619 124 0.5
1619 427 0.5
1620 426 0.5
1620 124 0.5
1621 116 0.5
1621 426 0.5
1622 116 0.5
1622 428 0.5
1623 428 0.5
1623 115 0.5
1624 429 0.5
1624 428 0.5
1625 429 0.5
1625 424 0.5
1626 424 0.5
1626 428 0.5
1627 116 0.5
1627 429 0.5
1628 429 0.5
1628 24 0.5
1629 430 0.5
1629 431 0.5
1630 430 0.5
1630 426 0.5
1631 426 0.5
1631 431 0.5
1632 431 0.5
1632 124 0.5
1633 31 0.5
1633 431 0.5
1634 31 0.5
1634 430 0.5
1635 430 0.5
1635 116 0.5
1636 427 0.5
1636 425 0.5
1637 427 0.5
1637 432 0.5
1638 432 0.5
1638 425 0.5
1639 124 0.5
1639 432 0.5
1640 432 0.5
1640 30 0.5
1641 433 0.5
1641 434 0.5
1642 433 0.5
1642 435 0.5
1643 435 0.5
1643 434 0.5
1644 434 0.5
1644 116 0.5
1645 117 0.5
1645 434 0.5
1646 117 0.5
1646 433 0.5
1647 433 0.5
1647 107 0.5
1648 107 0.5
1648 435 0.5
1649 435 0.5
1649 116 0.5
1650 358 0.5
1650 429 0.5
1651 358 0.5
1651 435 0.5
1652 435 0.5
1652 429 0.5
1653 357 0.5
1653 433 0.5
1654 357 0.5
1654 436 0.5
1655 436 0.5
1655 433 0.5
1656 25 0.5
1656 436 0.5
1657 436 0.5
1657 117 0.5
1658 434 0.5
1658 430 0.5
1659 434 0.5
1659 437 0.5
1660 437 0.5
1660 430 0.5
1661 117 0.5
1661 437 0.5
1662 437 0.5
1662 31 0.5
1663 438 0.5
1663 439 0.5
1664 438 0.5
1664 440 0.5
1665 440 0.5
1665 439 0.5
1666 439 0.5
1666 117 0.5
1667 125 0.5
1667 439 0.5
1668 438 0.5
1668 125 0.5
1669 118 0.5
1669 438 0.5
1670 118 0.5
1670 440 0.5
1671 440 0.5
1671 117 0.5
1672 441 0.5
1672 440 0.5
1673 441 0.5
1673 436 0.5
1674 436 0.5
1674 440 0.5
1675 118 0.5
1675 441 0.5
1676 441 0.5
1676 25 0.5
1677 442 0.5
1677 443 0.5
1678 442 0.5
1678 438 0.5
1679 438 0.5
1679 443 0.5
1680 443 0.5
1680 125 0.5
1681 32 0.5
1681 443 0.5
1682 32 0.5
1682 442 0.5
1683 442 0.5
1683 118 0.5
1684 439 0.5
1684 437 0.5
1685 439 0.5
1685 444 0.5
1686 444 0.5
1686 437 0.5
1687 125 0.5
1687 444 0.5
1688 444 0.5
1688 31 0.5
1689 445 0.5
1689 446 0.5
1690 445 0.5
1690 447 0.5
1691 447 0.5
1691 446 0.5
1692 446 0.5
1692 118 0.5
1693 119 0.5
1693 446 0.5
1694 119 0.5
1694 445 0.5
1695 445 0.5
1695 108 0.5
1696 108 0.5
1696 447 0.5
1697 447 0.5
1697 118 0.5
1698 375 0.5
1698 441 0.5
1699 375 0.5
1699 447 0.5
1700 447 0.5
1700 441 0.5
1701 374 0.5
1701 445 0.5
1702 374 0.5
1702 448 0.5
1703 448 0.5
1703 445 0.5
1704 26 0.5
1704 448 0.5
1705 448 0.5
1705 119 0.5
1706 446 0.5
1706 442 0.5
1707 446 0.5
1707 449 0.5
1708 449 0.5
1708 442 0.5
1709 119 0.5
1709 449 0.5
1710 449 0.5
1710 32 0.5
1711 450 0.5
1711 451 0.5
1712 450 0.5
1712 452 0.5
1713 452 0.5
1713 451 0.5
1714 451 0.5
1714 119 0.5
1715 126 0.5
1715 451 0.5
1716 450 0.5
1716 126 0.5
1717 120 0.5
1717 450 0.5
1718 120 0.5
1718 452 0.5
1719 452 0.5
1719 119 0.5
1720 453 0.5
1720 452 0.5
1721 453 0.5
1721 448 0.5
1722 448 0.5
1722 452 0.5
1723 120 0.5
1723 453 0.5
1724 453 0.5
1724 26 0.5
1725 454 0.5
1725 455 0.5
1726 454 0.5
1726 450 0.5
1727 450 0.5
1727 455 0.5
1728 455 0.5
1728 126 0.5
1729 33 0.5
1729 455 0.5
1730 33 0.5
1730 454 0.5
1731 454 0.5
1731 120 0.5
1732 451 0.5
1732 449 0.5
1733 451 0.5
1733 456 0.5
1734 456 0.5
1734 449 0.5
1735 126 0.5
1735 456 0.5
1736 456 0.5
1736 32 0.5
1737 457 0.5
1737 458 0.5
1738 457 0.5
1738 459 0.5
1739 459 0.5
1739 458 0.5
1740 458 0.5
1740 120 0.5
1741 121 0.5
1741 458 0.5
1742 121 0.5
1742 457 0.5
1743 457 0.5
1743 109 0.5
1744 109 0.5
1744 459 0.5
1745 459 0.5
1745 120 0.5
1746 387 0.5
1746 453 0.5
1747 387 0.5
1747 459 0.5
1748 459 0.5
1748 453 0.5
1749 386 0.5
1749 457 0.5
1750 386 0.5
1750 460 0.5
1751 460 0.5
1751 457 0.5
1752 27 0.5
1752 460 0.5
1753 460 0.5
1753 121 0.5
1754 458 0.5
1754 454 0.5
1755 458 0.5
1755 461 0.5
1756 461 0.5
1756 454 0.5
1757 121 0.5
1757 461 0.5
1758 461 0.5
1758 33 0.5
1759 462 0.5
1759 463 0.5
1760 462 0.5
1760 464 0.5
1761 464 0.5
1761 463 0.5
1762 463 0.5
1762 127 0.5
1763 128 0.5
1763 463 0.5
1764 128 0.5
1764 462 0.5
1765 462 0.5
1765 122 0.5
1766 122 0.5
1766 464 0.5
1767 464 0.5
1767 127 0.5
1768 408 0.5
1768 468 0.5
1769 408 0.5
1769 464 0.5
1770 464 0.5
1770 468 0.5
1771 127 0.5
1771 468 0.5
1772 468 0.5
1772 28 0.5
1773 407 0.5
1773 462 0.5
1774 407 0.5
1774 465 0.5
1775 465 0.5
1775 462 0.5
1776 29 0.5
1776 465 0.5
1777 465 0.5
1777 128 0.5
1778 463 0.5
1778 467 0.5
1779 463 0.5
1779 466 0.5
1780 466 0.5
1780 467 0.5
1781 34 0.5
1781 467 0.5
1782 467 0.5
1782 127 0.5
1783 128 0.5
1783 466 0.5
1784 466 0.5
1784 34 0.5
1785 469 0.5
1785 470 0.5
1786 469 0.5
1786 471 0.5
1787 471 0.5
1787 470 0.5
1788 470 0.5
1788 128 0.5
1789 138 0.5
1789 470 0.5
1790 469 0.5
1790 138 0.5
1791 129 0.5
1791 469 0.5
1792 129 0.5
1792 471 0.5
1793 471 0.5
1793 128 0.5
1794 472 0.5
1794 471 0.5
1795 472 0.5
1795 465 0.5
1796 465 0.5
1796 471 0.5
1797 129 0.5
1797 472 0.5
1798 472 0.5
1798 29 0.5
1799 473 0.5
1799 474 0.5
1800 473 0.5
1800 469 0.5
1801 469 0.5
1801 474 0.5
1802 474 0.5
1802 138 0.5
1803 35 0.5
1803 474 0.5
1804 35 0.5
1804 473 0.5
1805 473 0.5
1805 129 0.5
1806 470 0.5
1806 466 0.5
1807 470 0.5
1807 475 0.5
1808 475 0.5
1808 466 0.5
1809 138 0.5
1809 475 0.5
1810 475 0.5
1810 34 0.5
1811 476 0.5
1811 477 0.5
1812 476 0.5
1812 478 0.5
1813 478 0.5
1813 477 0.5
1814 477 0.5
1814 129 0.5
1815 130 0.5
1815 477 0.5
1816 130 0.5
1816 476 0.5
1817 476 0.5
1817 123 0.5
1818 123 0.5
1818 478 0.5
1819 478 0.5
1819 129 0.5
1820 415 0.5
1820 472 0.5
1821 415 0.5
1821 478 0.5
1822 478 0.5
1822 472 0.5
1823 414 0.5
1823 476 0.5
1824 414 0.5
1824 479 0.5
1825 479 0.5
1825 476 0.5
1826 30 0.5
1826 479 0.5
1827 479 0.5
1827 130 0.5
1828 477 0.5
1828 473 0.5
1829 477 0.5
1829 480 0.5
1830 480 0.5
1830 473 0.5
1831 130 0.5
1831 480 0.5
1832 480 0.5
1832 35 0.5
1833 481 0.5
1833 482 0.5
1834 481 0.5
1834 483 0.5
1835 483 0.5
1835 482 0.5
1836 482 0.5
1836 130 0.5
1837 139 0.5
1837 482 0.5
1838 481 0.5
1838 139 0.5
1839 131 0.5
1839 481 0.5
1840 131 0.5
1840 483 0.5
1841 483 0.5
1841 130 0.5
1842 484 0.5
1842 483 0.5
1843 484 0.5
1843 479 0.5
1844 479 0.5
1844 483 0.5
1845 131 0.5
1845 484 0.5
1846 484 0.5
1846 30 0.5
1847 485 0.5
1847 486 0.5
1848 485 0.5
1848 481 0.5
1849 481 0.5
1849 486 0.5
1850 486 0.5
1850 139 0.5
1851 36 0.5
1851 486 0.5
1852 36 0.5
1852 485 0.5
1853 485 0.5
1853 131 0.5
1854 482 0.5
1854 480 0.5
1855 482 0.5
1855 487 0.5
1856 487 0.5
1856 480 0.5
1857 139 0.5
1857 487 0.5
1858 487 0.5
1858 35 0.5
1859 488 0.5
1859 489 0.5
1860 488 0.5
1860 490 0.5
1861 490 0.5
1861 489 0.5
1862 489 0.5
1862 131 0.5
1863 132 0.5
1863 489 0.5
1864 132 0.5
1864 488 0.5
1865 488 0.5
1865 124 0.5
1866 124 0.5
1866 490 0.5
1867 490 0.5
1867 131 0.5
1868 432 0.5
1868 484 0.5
1869 432 0.5
1869 490 0.5
1870 490 0.5
1870 484 0.5
1871 431 0.5
1871 488 0.5
1872 431 0.5
1872 491 0.5
1873 491 0.5
1873 488 0.5
1874 31 0.5
1874 491 0.5
1875 491 0.5
1875 132 0.5
1876 489 0.5
1876 485 0.5
1877 489 0.5
1877 492 0.5
1878 492 0.5
1878 485 0.5
1879 132 0.5
1879 492 0.5
1880 492 0.5
1880 36 0.5
1881 493 0.5
1881 494 0.5
1882 493 0.5
1882 495 0.5
1883 495 0.5
1883 494 0.5
1884 494 0.5
1884 132 0.5
1885 140 0.5
1885 494 0.5
1886 493 0.5
1886 140 0.5
1887 133 0.5
1887 493 0.5
1888 133 0.5
1888 495 0.5
1889 495 0.5
1889 132 0.5
1890 496 0.5
1890 495 0.5
1891 496 0.5
1891 491 0.5
1892 491 0.5
1892 495 0.5
1893 133 0.5
1893 496 0.5
1894 496 0.5
1894 31 0.5
1895 497 0.5
1895 498 0.5
1896 497 0.5
1896 493 0.5
1897 493 0.5
1897 498 0.5
1898 498 0.5
1898 140 0.5
1899 37 0.5
1899 498 0.5
1900 37 0.5
1900 497 0.5
1901 497 0.5
1901 133 0.5
1902 494 0.5
1902 492 0.5
1903 494 0.5
1903 499 0.5
1904 499 0.5
1904 492 0.5
1905 140 0.5
1905 499 0.5
1906 499 0.5
1906 36 0.5
1907 500 0.5
1907 501 0.5
1908 500 0.5
1908 502 0.5
1909 502 0.5
1909 501 0.5
1910 501 0.5
1910 133 0.5
1911 134 0.5
1911 501 0.5
1912 134 0.5
1912 500 0.5
1913 500 0.5
1913 125 0.5
1914 125 0.5
1914 502 0.5
1915 502 0.5
1915 133 0.5
1916 444 0.5
1916 496 0.5
1917 444 0.5
1917 502 0.5
1918 502 0.5
1918 496 0.5
1919 443 0.5
1919 500 0.5
1920 443 0.5
1920 503 0.5
1921 503 0.5
1921 500 0.5
1922 32 0.5
1922 503 0.5
1923 503 0.5
1923 134 0.5
1924 501 0.5
1924 497 0.5
1925 501 0.5
1925 504 0.5
1926 504 0.5
1926 497 0.5
1927 134 0.5
1927 504 0.5
1928 504 0.5
1928 37 0.5
1929 505 0.5
1929 506 0.5
1930 505 0.5
1930 507 0.5
1931 507 0.5
1931 506 0.5
1932 506 0.5
1932 134 0.5
1933 141 0.5
1933 506 0.5
1934 505 0.5
1934 141 0.5
1935 135 0.5
1935 505 0.5
1936 135 0.5
1936 507 0.5
1937 507 0.5
1937 134 0.5
1938 508 0.5
1938 507 0.5
1939 508 0.5
1939 503 0.5
1940 503 0.5
1940 507 0.5
1941 508 0.5
1941 135 0.5
1942 32 0.5
1942 508 0.5
1943 509 0.5
1943 510 0.5
1944 509 0.5
1944 505 0.5
1945 505 0.5
1945 510 0.5
1946 510 0.5
1946 141 0.5
1947 38 0.5
1947 510 0.5
1948 38 0.5
1948 509 0.5
1949 509 0.5
1949 135 0.5
1950 506 0.5
1950 504 0.5
1951 506 0.5
1951 511 0.5
1952 511 0.5
1952 504 0.5
1953 141 0.5
1953 511 0.5
1954 511 0.5
1954 37 0.5
1955 512 0.5
1955 513 0.5
1956 512 0.5
1956 514 0.5
1957 514 0.5
1957 513 0.5
1958 513 0.5
1958 135 0.5
1959 142 0.5
1959 513 0.5
1960 512 0.5
1960 142 0.5
1961 136 0.5
1961 512 0.5
1962 136 0.5
1962 514 0.5
1963 514 0.5
1963 135 0.5
1964 515 0.5
1964 514 0.5
1965 515 0.5
1965 508 0.5
1966 508 0.5
1966 514 0.5
1967 136 0.5
1967 515 0.5
1968 515 0.5
1968 32 0.5
1969 516 0.5
1969 517 0.5
1970 516 0.5
1970 512 0.5
1971 512 0.5
1971 517 0.5
1972 517 0.5
1972 142 0.5
1973 39 0.5
1973 517 0.5
1974 39 0.5
1974 516 0.5
1975 516 0.5
1975 136 0.5
1976 513 0.5
1976 509 0.5
1977 513 0.5
1977 518 0.5
1978 518 0.5
1978 509 0.5
1979 142 0.5
1979 518 0.5
1980 518 0.5
1980 38 0.5
1981 519 0.5
1981 520 0.5
1982 519 0.5
1982 521 0.5
1983 521 0.5
1983 520 0.5
1984 520 0.5
1984 136 0.5
1985 137 0.5
1985 520 0.5
1986 137 0.5
1986 519 0.5
1987 519 0.5
1987 126 0.5
1988 126 0.5
1988 521 0.5
1989 521 0.5
1989 136 0.5
1990 456 0.5
1990 515 0.5
1991 456 0.5
1991 521 0.5
1992 521 0.5
1992 515 0.5
1993 455 0.5
1993 519 0.5
1994 455 0.5
1994 522 0.5
1995 522 0.5
1995 519 0.5
1996 33 0.5
1996 522 0.5
1997 522 0.5
1997 137 0.5
1998 520 0.5
1998 516 0.5
1999 520 0.5
1999 523 0.5
2000 523 0.5
2000 516 0.5
2001 137 0.5
2001 523 0.5
2002 523 0.5
2002 39 0.5
2003 524 0.5
2003 525 0.5
2004 524 0.5
2004 526 0.5
2005 526 0.5
2005 525 0.5
2006 525 0.5
2006 143 0.5
2007 144 0.5
2007 525 0.5
2008 144 0.5
2008 524 0.5
2009 524 0.5
2009 138 0.5
2010 138 0.5
2010 526 0.5
2011 526 0.5
2011 143 0.5
2012 475 0.5
2012 530 0.5
2013 475 0.5
2013 526 0.5
2014 526 0.5
2014 530 0.5
2015 143 0.5
2015 530 0.5
2016 530 0.5
2016 34 0.5
2017 474 0.5
2017 524 0.5
2018 474 0.5
2018 527 0.5
2019 527 0.5
2019 524 0.5
2020 35 0.5
2020 527 0.5
2021 527 0.5
2021 144 0.5
2022 525 0.5
2022 529 0.5
2023 525 0.5
2023 528 0.5
2024 528 0.5
2024 529 0.5
2025 40 0.5
2025 529 0.5
2026 529 0.5
2026 143 0.5
2027 144 0.5
2027 528 0.5
2028 528 0.5
2028 40 0.5
2029 531 0.5
2029 532 0.5
2030 531 0.5
2030 533 0.5
2031 533 0.5
2031 532 0.5
2032 532 0.5
2032 144 0.5
2033 155 0.5
2033 532 0.5
2034 531 0.5
2034 155 0.5
2035 145 0.5
2035 531 0.5
2036 145 0.5
2036 533 0.5
2037 533 0.5
2037 144 0.5
2038 534 0.5
2038 533 0.5
2039 534 0.5
2039 527 0.5
2040 527 0.5
2040 533 0.5
2041 145 0.5
2041 534 0.5
2042 534 0.5
2042 35 0.5
2043 535 0.5
2043 536 0.5
2044 535 0.5
2044 531 0.5
2045 531 0.5
2045 536 0.5
2046 155 0.5
2046 536 0.5
2047 536 0.5
2047 41 0.5
2048 41 0.5
2048 535 0.5
2049 535 0.5
2049 145 0.5
2050 532 0.5
2050 528 0.5
2051 532 0.5
2051 537 0.5
2052 537 0.5
2052 528 0.5
2053 155 0.5
2053 537 0.5
2054 537 0.5
2054 40 0.5
2055 538 0.5
2055 539 0.5
2056 538 0.5
2056 540 0.5
2057 540 0.5
2057 539 0.5
2058 539 0.5
2058 145 0.5
2059 146 0.5
2059 539 0.5
2060 146 0.5
2060 538 0.5
2061 538 0.5
2061 139 0.5
2062 139 0.5
2062 540 0.5
2063 540 0.5
2063 145 0.5
2064 487 0.5
2064 534 0.5
2065 487 0.5
2065 540 0.5
2066 540 0.5
2066 534 0.5
2067 486 0.5
2067 538 0.5
2068 486 0.5
2068 541 0.5
2069 541 0.5
2069 538 0.5
2070 36 0.5
2070 541 0.5
2071 541 0.5
2071 146 0.5
2072 539 0.5
2072 535 0.5
2073 539 0.5
2073 542 0.5
2074 542 0.5
2074 535 0.5
2075 146 0.5
2075 542 0.5
2076 542 0.5
2076 41 0.5
2077 543 0.5
2077 544 0.5
2078 543 0.5
2078 545 0.5
2079 545 0.5
2079 544 0.5
2080 544 0.5
2080 146 0.5
2081 156 0.5
2081 544 0.5
2082 543 0.5
2082 156 0.5
2083 147 0.5
2083 543 0.5
2084 147 0.5
2084 545 0.5
2085 545 0.5
2085 146 0.5
2086 546 0.5
2086 545 0.5
2087 546 0.5
2087 541 0.5
2088 541 0.5
2088 545 0.5
2089 546 0.5
2089 147 0.5
2090 36 0.5
2090 546 0.5
2091 547 0.5
2091 548 0.5
2092 547 0.5
2092 543 0.5
2093 543 0.5
2093 548 0.5
2094 156 0.5
2094 548 0.5
2095 548 0.5
2095 42 0.5
2096 42 0.5
2096 547 0.5
2097 547 0.5
2097 147 0.5
2098 544 0.5
2098 542 0.5
2099 544 0.5
2099 549 0.5
2100 549 0.5
2100 542 0.5
2101 156 0.5
2101 549 0.5
2102 549 0.5
2102 41 0.5
2103 550 0.5
2103 551 0.5
2104 550 0.5
2104 552 0.5
2105 552 0.5
2105 551 0.5
2106 551 0.5
2106 147 0.5
2107 157 0.5
2107 551 0.5
2108 550 0.5
2108 157 0.5
2109 148 0.5
2109 550 0.5
2110 148 0.5
2110 552 0.5
2111 552 0.5
2111 147 0.5
2112 553 0.5
2112 552 0.5
2113 553 0.5
2113 546 0.5
2114 546 0.5
2114 552 0.5
2115 148 0.5
2115 553 0.5
2116 553 0.5
2116 36 0.5
2117 554 0.5
2117 555 0.5
2118 554 0.5
2118 550 0.5
2119 550 0.5
2119 555 0.5
2120 157 0.5
2120 555 0.5
2121 555 0.5
2121 43 0.5
2122 43 0.5
2122 554 0.5
2123 554 0.5
2123 148 0.5
2124 551 0.5
2124 547 0.5
2125 551 0.5
2125 556 0.5
2126 556 0.5
2126 547 0.5
2127 157 0.5
2127 556 0.5
2128 556 0.5
2128 42 0.5
2129 557 0.5
2129 558 0.5
2130 557 0.5
2130 559 0.5
2131 559 0.5
2131 558 0.5
2132 558 0.5
2132 148 0.5
2133 149 0.5
2133 558 0.5
2134 149 0.5
2134 557 0.5
2135 557 0.5
2135 140 0.5
2136 140 0.5
2136 559 0.5
2137 559 0.5
2137 148 0.5
2138 499 0.5
2138 553 0.5
2139 499 0.5
2139 559 0.5
2140 559 0.5
2140 553 0.5
2141 498 0.5
2141 557 0.5
2142 498 0.5
2142 560 0.5
2143 560 0.5
2143 557 0.5
2144 37 0.5
2144 560 0.5
2145 560 0.5
2145 149 0.5
2146 558 0.5
2146 554 0.5
2147 558 0.5
2147 561 0.5
2148 561 0.5
2148 554 0.5
2149 149 0.5
2149 561 0.5
2150 561 0.5
2150 43 0.5
2151 562 0.5
2151 563 0.5
2152 562 0.5
2152 564 0.5
2153 564 0.5
2153 563 0.5
2154 563 0.5
2154 149 0.5
2155 158 0.5
2155 563 0.5
2156 562 0.5
2156 158 0.5
2157 150 0.5
2157 562 0.5
2158 150 0.5
2158 564 0.5
2159 564 0.5
2159 149 0.5
2160 565 0.5
2160 564 0.5
2161 565 0.5
2161 560 0.5
2162 560 0.5
2162 564 0.5
2163 150 0.5
2163 565 0.5
2164 565 0.5
2164 37 0.5
2165 566 0.5
2165 567 0.5
2166 566 0.5
2166 562 0.5
2167 562 0.5
2167 567 0.5
2168 158 0.5
2168 567 0.5
2169 567 0.5
2169 44 0.5
2170 44 0.5
2170 566 0.5
2171 566 0.5
2171 150 0.5
2172 563 0.5
2172 561 0.5
2173 563 0.5
2173 568 0.5
2174 568 0.5
2174 561 0.5
2175 158 0.5
2175 568 0.5
2176 568 0.5
2176 43 0.5
2177 569 0.5
2177 570 0.5
2178 569 0.5
2178 571 0.5
2179 571 0.5
2179 570 0.5
2180 570 0.5
2180 150 0.5
2181 151 0.5
2181 570 0.5
2182 151 0.5
2182 569 0.5
2183 569 0.5
2183 141 0.5
2184 141 0.5
2184 571 0.5
2185 571 0.5
2185 150 0.5
2186 511 0.5
2186 565 0.5
2187 511 0.5
2187 571 0.5
2188 571 0.5
2188 565 0.5
2189 510 0.5
2189 569 0.5
2190 510 0.5
2190 572 0.5
2191 572 0.5
2191 569 0.5
2192 38 0.5
2192 572 0.5
2193 572 0.5
2193 151 0.5
2194 570 0.5
2194 566 0.5
2195 570 0.5
2195 573 0.5
2196 573 0.5
2196 566 0.5
2197 151 0.5
2197 573 0.5
2198 573 0.5
2198 44 0.5
2199 574 0.5
2199 575 0.5
2200 574 0.5
2200 576 0.5
2201 576 0.5
2201 575 0.5
2202 575 0.5
2202 151 0.5
2203 159 0.5
2203 575 0.5
2204 574 0.5
2204 159 0.5
2205 152 0.5
2205 574 0.5
2206 152 0.5
2206 576 0.5
2207 576 0.5
2207 151 0.5
2208 577 0.5
2208 576 0.5
2209 577 0.5
2209 572 0.5
2210 572 0.5
2210 576 0.5
2211 152 0.5
2211 577 0.5
2212 577 0.5
2212 38 0.5
2213 578 0.5
2213 579 0.5
2214 578 0.5
2214 574 0.5
2215 574 0.5
2215 579 0.5
2216 159 0.5
2216 579 0.5
2217 579 0.5
2217 45 0.5
2218 45 0.5
2218 578 0.5
2219 578 0.5
2219 152 0.5
2220 575 0.5
2220 573 0.5
2221 575 0.5
2221 580 0.5
2222 580 0.5
2222 573 0.5
2223 159 0.5
2223 580 0.5
2224 580 0.5
2224 44 0.5
2225 581 0.5
2225 582 0.5
2226 581 0.5
2226 583 0.5
2227 583 0.5
2227 582 0.5
2228 582 0.5
2228 152 0.5
2229 153 0.5
2229 582 0.5
2230 153 0.5
2230 581 0.5
2231 581 0.5
2231 142 0.5
2232 142 0.5
2232 583 0.5
2233 583 0.5
2233 152 0.5
2234 518 0.5
2234 577 0.5
2235 518 0.5
2235 583 0.5
2236 583 0.5
2236 577 0.5
2237 517 0.5
2237 581 0.5
2238 517 0.5
2238 584 0.5
2239 584 0.5
2239 581 0.5
2240 39 0.5
2240 584 0.5
2241 584 0.5
2241 153 0.5
2242 582 0.5
2242 578 0.5
2243 582 0.5
2243 585 0.5
2244 585 0.5
2244 578 0.5
2245 153 0.5
2245 585 0.5
2246 585 0.5
2246 45 0.5
2247 586 0.5
2247 587 0.5
2248 586 0.5
2248 588 0.5
2249 588 0.5
2249 587 0.5
2250 587 0.5
2250 153 0.5
2251 160 0.5
2251 587 0.5
2252 586 0.5
2252 160 0.5
2253 154 0.5
2253 586 0.5
2254 154 0.5
2254 588 0.5
2255 588 0.5
2255 153 0.5
2256 589 0.5
2256 588 0.5
2257 589 0.5
2257 584 0.5
2258 584 0.5
2258 588 0.5
2259 589 0.5
2259 154 0.5
2260 39 0.5
2260 589 0.5
2261 590 0.5
2261 591 0.5
2262 590 0.5
2262 586 0.5
2263 586 0.5
2263 591 0.5
2264 160 0.5
2264 591 0.5
2265 591 0.5
2265 46 0.5
2266 590 0.5
2266 46 0.5
2267 154 0.5
2267 590 0.5
2268 587 0.5
2268 585 0.5
2269 587 0.5
2269 592 0.5
2270 592 0.5
2270 585 0.5
2271 160 0.5
2271 592 0.5
2272 592 0.5
2272 45 0.5
